1 6
-1 -7
1 -7
-2 -7
2 -7
-3 -7
3 -7
-4 -7
4 -7
-5 -7
5 -7
-6 -7
6 -7
-7 -8
-7 8
-7 -9
-7 9
-7 -10
-7 10
6 11
-7 -11
-7 11
6 12
-7 -12
-7 12
11 12
-7 -13
-7 13
-7 -14
-7 14
-7 -15
-7 15
13 15
-7 -16
-7 16
15 16
-7 -17
-7 17
-7 -18
-7 18
-7 -19
-7 19
-7 -20
-7 20
15 20
6 21
-7 -21
-7 21
-10 21
11 21
12 21
6 22
-7 -22
-7 22
11 -22
12 22
21 22
-7 -23
-7 23
-7 -24
-7 24
-7 -25
-7 25
-5 26
6 26
-7 -26
-7 26
11 26
12 26
21 26
1 27
6 27
-7 -27
-7 27
11 27
12 27
21 27
22 27
26 27
6 28
-7 -28
-7 28
11 28
12 28
21 28
22 28
26 28
27 28
6 29
-7 -29
-7 29
11 29
12 29
21 29
-22 29
26 29
27 29
28 29
-7 -30
-7 30
6 -31
-7 -31
-7 31
11 -31
12 31
21 31
22 -31
26 -31
27 -31
28 31
29 -31
6 32
-7 -32
-7 32
11 32
12 32
21 32
22 32
26 32
27 32
28 32
29 32
31 32
-7 -33
-7 33
-7 -34
-7 34
6 35
-7 -35
-7 35
21 35
26 35
27 35
28 35
29 35
6 36
-7 -36
-7 36
11 36
12 36
21 36
-22 36
27 36
28 36
29 36
-31 36
32 36
35 36
6 37
-7 -37
-7 37
-10 37
11 37
12 37
21 37
22 37
26 37
27 37
28 37
29 37
31 37
32 37
35 37
36 37
-7 -38
-7 38
-7 -39
-7 39
5 40
-5 -40
-7 -40
-7 40
26 40
-7 -41
-7 41
15 41
1 42
6 42
-7 -42
-7 42
11 42
12 42
18 42
21 42
22 42
23 42
26 42
27 42
28 42
29 42
-31 42
32 42
35 42
36 42
37 42
39 42
6 43
-7 -43
-7 43
12 43
21 43
27 43
28 43
-31 43
32 43
37 43
42 43
-1 -44
1 -44
-2 -44
2 -44
-3 -44
3 -44
-4 -44
4 -44
-5 -44
5 -44
-6 -44
6 -44
-7 -44
7 -44
-7 44
-8 -44
8 -44
-9 -44
9 -44
-10 -44
10 -44
-11 -44
11 -44
-12 -44
12 -44
-13 -44
13 -44
-14 -44
14 -44
-15 -44
15 -44
-16 -44
16 -44
-17 -44
17 -44
-18 -44
18 -44
-19 -44
19 -44
-20 -44
20 -44
-21 -44
21 -44
-22 -44
22 -44
-23 -44
23 -44
-24 -44
24 -44
-25 -44
25 -44
-26 -44
26 -44
-27 -44
27 -44
-28 -44
28 -44
-29 -44
29 -44
-30 -44
30 -44
-31 -44
31 -44
-32 -44
32 -44
-33 -44
33 -44
-34 -44
34 -44
-35 -44
35 -44
-36 -44
36 -44
-37 -44
37 -44
-38 -44
38 -44
-39 -44
39 -44
-40 -44
40 -44
-41 -44
41 -44
-42 -44
42 -44
-43 -44
43 -44
6 45
-7 -45
-7 45
11 45
12 45
18 45
21 45
22 45
23 45
26 45
27 45
28 45
29 45
31 45
32 45
35 45
36 45
37 45
39 45
42 45
43 45
-44 -45
-44 45
5 46
6 46
-7 -46
-7 46
11 46
12 46
21 46
22 46
26 46
27 46
28 46
29 46
-31 46
32 46
35 46
36 46
37 46
-40 46
42 46
43 46
-44 -46
-44 46
45 46
-7 -47
-7 47
-44 -47
-44 47
6 48
-7 -48
-7 48
11 48
12 48
21 48
-22 48
26 48
27 48
28 48
29 48
-31 48
32 48
36 48
37 48
42 48
43 48
-44 -48
-44 48
45 48
46 48
-1 -49
1 -49
-2 -49
2 -49
-3 -49
3 -49
-4 -49
4 -49
-5 -49
5 -49
-6 -49
6 -49
-7 -49
7 -49
-7 49
-8 -49
8 -49
-9 -49
9 -49
-10 -49
10 -49
-11 -49
11 -49
-12 -49
12 -49
-13 -49
13 -49
-14 -49
14 -49
-15 -49
15 -49
-16 -49
16 -49
-17 -49
17 -49
-18 -49
18 -49
-19 -49
19 -49
-20 -49
20 -49
-21 -49
21 -49
-22 -49
22 -49
-23 -49
23 -49
-24 -49
24 -49
-25 -49
25 -49
-26 -49
26 -49
-27 -49
27 -49
-28 -49
28 -49
-29 -49
29 -49
-30 -49
30 -49
-31 -49
31 -49
-32 -49
32 -49
-33 -49
33 -49
-34 -49
34 -49
-35 -49
35 -49
-36 -49
36 -49
-37 -49
37 -49
-38 -49
38 -49
-39 -49
39 -49
-40 -49
40 -49
-41 -49
41 -49
-42 -49
42 -49
-43 -49
43 -49
-44 -49
44 -49
-44 49
-45 -49
45 -49
-46 -49
46 -49
-47 -49
47 -49
-48 -49
48 -49
6 50
-7 -50
-7 50
11 50
12 50
21 50
-22 50
26 50
27 50
28 50
29 50
-31 50
32 50
35 50
36 50
37 50
42 50
43 50
-44 -50
-44 50
45 50
46 50
48 50
-49 -50
-49 50
-7 -51
-7 51
-44 -51
-44 51
-49 -51
-49 51
-7 -52
-7 52
15 52
-44 -52
-44 52
-49 -52
-49 52
6 53
-7 -53
-7 53
11 53
12 53
21 53
-22 53
26 53
27 53
28 53
29 53
-31 53
32 53
36 53
37 53
42 53
-44 -53
-44 53
45 53
46 53
48 53
-49 -53
-49 53
50 53
6 54
-7 -54
-7 54
-10 54
11 54
12 54
21 54
22 54
26 54
27 54
28 54
29 54
31 54
32 54
35 54
36 54
-37 54
42 54
43 54
-44 -54
-44 54
45 54
46 54
48 54
-49 -54
-49 54
50 54
53 54
6 55
-7 -55
-7 55
11 55
12 55
21 55
-22 55
26 55
27 55
28 55
-31 55
32 55
35 55
36 55
37 55
42 55
-44 -55
-44 55
45 55
46 55
48 55
-49 -55
-49 55
50 55
53 55
54 55
-5 56
-7 -56
-7 56
18 56
23 56
26 56
39 56
40 56
43 56
-44 -56
-44 56
46 56
-49 -56
-49 56
-7 -57
-7 57
-44 -57
-44 57
47 57
-49 -57
-49 57
6 58
-7 -58
-7 58
11 58
12 58
21 58
-22 58
26 58
27 58
28 58
29 58
-31 58
32 58
36 58
37 58
42 58
-44 -58
-44 58
45 58
46 58
48 58
-49 -58
-49 58
50 58
53 -58
54 58
55 58
-5 59
-7 -59
-7 59
18 59
23 59
26 59
39 59
40 59
43 59
-44 -59
-44 59
46 59
-49 -59
-49 59
56 59
-7 -60
-7 60
16 -60
35 -60
-44 -60
-44 60
-49 -60
-49 60
6 61
-7 -61
-7 61
11 61
12 61
21 61
22 61
26 61
27 61
28 61
29 61
-31 61
32 61
35 61
36 61
37 61
42 61
43 61
-44 -61
-44 61
45 61
46 61
48 61
-49 -61
-49 61
50 61
53 61
54 61
55 61
58 61
6 62
-7 -62
-7 62
11 62
12 62
21 62
-22 62
26 62
27 62
28 62
29 62
-31 62
32 62
35 62
36 62
37 62
42 62
43 62
-44 -62
-44 62
45 62
46 62
48 62
-49 -62
-49 62
-50 62
53 62
54 62
55 62
58 62
61 62
6 63
-7 -63
-7 63
11 63
12 63
21 63
22 63
26 63
27 63
28 63
29 63
31 63
32 63
35 63
36 63
37 63
42 63
43 63
-44 -63
-44 63
45 63
46 63
48 63
-49 -63
-49 63
50 63
53 63
54 63
55 63
58 63
61 63
62 63
-7 -64
-7 64
18 64
23 64
26 64
39 64
42 -64
43 64
-44 -64
-44 64
45 -64
46 64
-49 -64
-49 64
56 -64
59 -64
-7 -65
-7 65
15 65
41 65
-44 -65
-44 65
-49 -65
-49 65
-7 -66
-7 66
9 -66
-44 -66
-44 66
-49 -66
-49 66
-7 -67
-7 67
42 67
-44 -67
-44 67
45 67
-49 -67
-49 67
56 67
59 67
64 67
1 -68
-1 68
6 68
-7 -68
-7 68
27 68
42 68
-44 -68
-44 68
-49 -68
-49 68
-7 -69
-7 69
-44 -69
-44 69
-49 -69
-49 69
-7 -70
-7 70
-44 -70
-44 70
-49 -70
-49 70
-7 -71
-7 71
13 -71
15 71
16 -71
20 -71
-44 -71
-44 71
-49 -71
-49 71
52 -71
6 72
-7 -72
-7 72
11 72
12 72
21 72
-22 72
27 72
28 72
29 72
-31 72
32 72
35 72
36 -72
37 72
42 72
-44 -72
-44 72
45 72
46 72
48 72
-49 -72
-49 72
50 72
53 72
54 72
55 72
58 72
61 72
62 72
63 72
-7 -73
-7 73
42 73
-44 -73
-44 73
45 73
-49 -73
-49 73
56 73
59 73
64 73
-7 -74
-7 74
-44 -74
-44 74
-49 -74
-49 74
-7 -75
-7 75
15 75
41 75
-44 -75
-44 75
-49 -75
-49 75
65 75
-7 -76
-7 76
-44 -76
-44 76
-49 -76
-49 76
1 77
-5 77
6 77
-7 -77
-7 77
11 77
12 77
18 77
21 77
22 77
23 77
26 77
27 77
28 77
29 77
31 77
32 77
35 77
36 77
37 77
39 77
40 77
42 77
43 77
-44 -77
-44 77
45 77
46 77
48 77
-49 -77
-49 77
50 77
53 77
54 77
55 77
58 77
61 77
62 77
63 77
-64 77
67 77
68 77
72 77
73 77
-1 -78
1 -78
-2 -78
2 -78
-3 -78
3 -78
-4 -78
4 -78
-5 -78
5 -78
-6 -78
6 -78
-7 -78
7 -78
-7 78
-8 -78
8 -78
-9 -78
9 -78
-10 -78
10 -78
-11 -78
11 -78
-12 -78
12 -78
-13 -78
13 -78
-14 -78
14 -78
-15 -78
15 -78
-16 -78
16 -78
-17 -78
17 -78
-18 -78
18 -78
-19 -78
19 -78
-20 -78
20 -78
-21 -78
21 -78
-22 -78
22 -78
-23 -78
23 -78
-24 -78
24 -78
-25 -78
25 -78
-26 -78
26 -78
-27 -78
27 -78
-28 -78
28 -78
-29 -78
29 -78
-30 -78
30 -78
-31 -78
31 -78
-32 -78
32 -78
-33 -78
33 -78
-34 -78
34 -78
-35 -78
35 -78
-36 -78
36 -78
-37 -78
37 -78
-38 -78
38 -78
-39 -78
39 -78
-40 -78
40 -78
-41 -78
41 -78
-42 -78
42 -78
-43 -78
43 -78
-44 -78
44 -78
-44 78
-45 -78
45 -78
-46 -78
46 -78
-47 -78
47 -78
-48 -78
48 -78
-49 -78
49 -78
-49 78
-50 -78
50 -78
-51 -78
51 -78
-52 -78
52 -78
-53 -78
53 -78
-54 -78
54 -78
-55 -78
55 -78
-56 -78
56 -78
-57 -78
57 -78
-58 -78
58 -78
-59 -78
59 -78
-60 -78
60 -78
-61 -78
61 -78
-62 -78
62 -78
-63 -78
63 -78
-64 -78
64 -78
-65 -78
65 -78
-66 -78
66 -78
-67 -78
67 -78
-68 -78
68 -78
-69 -78
69 -78
-70 -78
70 -78
-71 -78
71 -78
-72 -78
72 -78
-73 -78
73 -78
-74 -78
74 -78
-75 -78
75 -78
-76 -78
76 -78
-77 -78
77 -78
6 79
-7 -79
-7 79
11 79
12 79
21 79
22 79
26 79
27 79
28 79
29 79
31 79
32 79
35 79
36 79
37 79
42 79
43 79
-44 -79
-44 79
45 79
46 79
48 79
-49 -79
-49 79
50 79
53 79
54 79
55 79
58 79
61 79
62 79
63 79
72 79
77 79
-78 -79
-78 79
1 80
-5 80
6 80
-7 -80
-7 80
11 80
12 80
21 80
22 80
26 80
27 80
28 80
29 80
31 80
32 80
35 80
36 80
37 80
40 80
42 80
43 80
-44 -80
-44 80
45 80
46 80
48 80
-49 -80
-49 80
50 80
53 80
54 80
55 80
58 80
61 80
62 80
63 80
68 80
72 80
77 80
-78 -80
-78 80
79 80
-7 -81
-7 81
-44 -81
-44 81
-49 -81
-49 81
-78 -81
-78 81
6 82
-7 -82
-7 82
11 82
12 82
21 82
22 82
26 82
27 82
29 82
31 82
32 82
35 82
36 82
37 82
42 82
43 82
-44 -82
-44 82
45 82
46 82
48 82
-49 -82
-49 82
50 82
53 82
54 82
55 82
58 82
61 82
62 82
63 82
72 82
77 82
-78 -82
-78 82
80 82
-1 -83
1 -83
-2 -83
2 -83
-3 -83
3 -83
-4 -83
4 -83
-5 -83
5 -83
-6 -83
6 -83
-7 -83
7 -83
-7 83
-8 -83
8 -83
-9 -83
9 -83
-10 -83
10 -83
-11 -83
11 -83
-12 -83
12 -83
-13 -83
13 -83
-14 -83
14 -83
-15 -83
15 -83
-16 -83
16 -83
-17 -83
17 -83
-18 -83
18 -83
-19 -83
19 -83
-20 -83
20 -83
-21 -83
21 -83
-22 -83
22 -83
-23 -83
23 -83
-24 -83
24 -83
-25 -83
25 -83
-26 -83
26 -83
-27 -83
27 -83
-28 -83
28 -83
-29 -83
29 -83
-30 -83
30 -83
-31 -83
31 -83
-32 -83
32 -83
-33 -83
33 -83
-34 -83
34 -83
-35 -83
35 -83
-36 -83
36 -83
-37 -83
37 -83
-38 -83
38 -83
-39 -83
39 -83
-40 -83
40 -83
-41 -83
41 -83
-42 -83
42 -83
-43 -83
43 -83
-44 -83
44 -83
-44 83
-45 -83
45 -83
-46 -83
46 -83
-47 -83
47 -83
-48 -83
48 -83
-49 -83
49 -83
-49 83
-50 -83
50 -83
-51 -83
51 -83
-52 -83
52 -83
-53 -83
53 -83
-54 -83
54 -83
-55 -83
55 -83
-56 -83
56 -83
-57 -83
57 -83
-58 -83
58 -83
-59 -83
59 -83
-60 -83
60 -83
-61 -83
61 -83
-62 -83
62 -83
-63 -83
63 -83
-64 -83
64 -83
-65 -83
65 -83
-66 -83
66 -83
-67 -83
67 -83
-68 -83
68 -83
-69 -83
69 -83
-70 -83
70 -83
-71 -83
71 -83
-72 -83
72 -83
-73 -83
73 -83
-74 -83
74 -83
-75 -83
75 -83
-76 -83
76 -83
-77 -83
77 -83
-78 -83
78 -83
-78 83
-79 -83
79 -83
-80 -83
80 -83
-81 -83
81 -83
-82 -83
82 -83
-7 -84
-7 84
14 84
-44 -84
-44 84
-49 -84
-49 84
-78 -84
-78 84
-83 -84
-83 84
-7 -85
-7 85
-30 85
-44 -85
-44 85
-49 -85
-49 85
-78 -85
-78 85
-83 -85
-83 85
-7 -86
-7 86
15 86
-44 -86
-44 86
-49 -86
-49 86
-78 -86
-78 86
-83 -86
-83 86
-7 -87
-7 87
-44 -87
-44 87
-49 -87
-49 87
-60 87
-78 -87
-78 87
-83 -87
-83 87
6 88
-7 -88
-7 88
11 88
12 -88
21 88
22 88
26 88
27 88
28 88
29 88
31 88
32 -88
36 88
37 88
42 88
43 88
-44 -88
-44 88
45 88
46 88
48 88
-49 -88
-49 88
50 88
53 88
54 88
55 88
58 88
61 88
62 88
63 88
72 88
77 88
-78 -88
-78 88
79 88
80 88
82 88
-83 -88
-83 88
1 89
-5 89
6 89
-7 -89
-7 89
11 89
12 89
21 89
22 89
26 89
27 89
28 89
29 89
31 89
32 89
35 89
36 89
37 89
40 89
42 89
43 89
-44 -89
-44 89
45 89
46 89
48 89
-49 -89
-49 89
50 89
53 89
54 89
55 89
58 89
61 89
62 89
63 89
68 89
72 89
77 89
-78 -89
-78 89
79 89
80 -89
82 89
-83 -89
-83 89
88 89
-7 -90
-7 90
15 90
-44 -90
-44 90
-49 -90
-49 90
-78 -90
-78 90
-83 -90
-83 90
-7 -91
-7 91
-44 -91
-44 91
-49 -91
-49 91
-78 -91
-78 91
-83 -91
-83 91
6 92
-7 -92
-7 92
11 92
12 92
21 92
-22 92
26 92
27 92
28 92
29 92
-31 92
32 92
35 92
36 92
37 92
42 92
-44 -92
-44 92
45 92
46 92
48 92
-49 -92
-49 92
50 92
53 92
54 92
58 92
61 92
62 92
63 92
72 92
77 92
-78 -92
-78 92
79 92
80 92
82 92
-83 -92
-83 92
88 92
89 92
1 93
-5 93
6 93
-7 -93
-7 93
11 93
12 93
21 93
22 93
26 93
27 93
28 93
29 93
31 93
32 93
35 93
36 93
37 93
40 93
42 93
43 93
-44 -93
-44 93
45 93
46 93
48 93
-49 -93
-49 93
50 93
53 93
54 93
55 93
58 93
61 93
62 93
63 93
68 93
72 93
77 93
-78 -93
-78 93
79 93
80 93
82 93
-83 -93
-83 93
88 93
-89 93
92 93
1 94
-5 94
6 94
-7 -94
-7 94
11 94
12 94
21 94
22 94
27 94
28 94
29 94
-31 94
32 94
35 94
36 94
37 94
40 94
42 94
43 94
-44 -94
-44 94
45 94
46 94
48 94
-49 -94
-49 94
50 94
53 94
54 94
55 94
58 94
61 94
62 94
63 94
68 94
72 94
77 94
-78 -94
-78 94
79 94
80 94
82 94
-83 -94
-83 94
88 94
89 94
92 94
93 94
6 95
-7 -95
-7 95
11 95
12 95
21 95
22 95
26 95
27 95
28 95
29 95
31 95
32 95
35 95
36 95
37 95
42 95
43 95
-44 -95
-44 95
45 95
46 95
48 95
-49 -95
-49 95
50 95
53 95
54 95
55 95
58 95
61 95
62 95
63 95
72 95
77 95
-78 -95
-78 95
79 95
80 95
82 95
-83 -95
-83 95
88 95
89 95
92 95
93 95
94 95
-7 -96
-7 96
42 96
-44 -96
-44 96
45 96
-49 -96
-49 96
56 96
59 96
64 96
77 96
-78 -96
-78 96
-83 -96
-83 96
-7 -97
-7 97
-44 -97
-44 97
-49 -97
-49 97
-78 -97
-78 97
-83 -97
-83 97
-1 -98
1 -98
-2 -98
2 -98
-3 -98
3 -98
-4 -98
4 -98
-5 -98
5 -98
-6 -98
6 -98
-7 -98
7 -98
-7 98
-8 -98
8 -98
-9 -98
9 -98
-10 -98
10 -98
-11 -98
11 -98
-12 -98
12 -98
-13 -98
13 -98
-14 -98
14 -98
-15 -98
15 -98
-16 -98
16 -98
-17 -98
17 -98
-18 -98
18 -98
-19 -98
19 -98
-20 -98
20 -98
-21 -98
21 -98
-22 -98
22 -98
-23 -98
23 -98
-24 -98
24 -98
-25 -98
25 -98
-26 -98
26 -98
-27 -98
27 -98
-28 -98
28 -98
-29 -98
29 -98
-30 -98
30 -98
-31 -98
31 -98
-32 -98
32 -98
-33 -98
33 -98
-34 -98
34 -98
-35 -98
35 -98
-36 -98
36 -98
-37 -98
37 -98
-38 -98
38 -98
-39 -98
39 -98
-40 -98
40 -98
-41 -98
41 -98
-42 -98
42 -98
-43 -98
43 -98
-44 -98
44 -98
-44 98
-45 -98
45 -98
-46 -98
46 -98
-47 -98
47 -98
-48 -98
48 -98
-49 -98
49 -98
-49 98
-50 -98
50 -98
-51 -98
51 -98
-52 -98
52 -98
-53 -98
53 -98
-54 -98
54 -98
-55 -98
55 -98
-56 -98
56 -98
-57 -98
57 -98
-58 -98
58 -98
-59 -98
59 -98
-60 -98
60 -98
-61 -98
61 -98
-62 -98
62 -98
-63 -98
63 -98
-64 -98
64 -98
-65 -98
65 -98
-66 -98
66 -98
-67 -98
67 -98
-68 -98
68 -98
-69 -98
69 -98
-70 -98
70 -98
-71 -98
71 -98
-72 -98
72 -98
-73 -98
73 -98
-74 -98
74 -98
-75 -98
75 -98
-76 -98
76 -98
-77 -98
77 -98
-78 -98
78 -98
-78 98
-79 -98
79 -98
-80 -98
80 -98
-81 -98
81 -98
-82 -98
82 -98
-83 -98
83 -98
-83 98
-84 -98
84 -98
-85 -98
85 -98
-86 -98
86 -98
-87 -98
87 -98
-88 -98
88 -98
-89 -98
89 -98
-90 -98
90 -98
-91 -98
91 -98
-92 -98
92 -98
-93 -98
93 -98
-94 -98
94 -98
-95 -98
95 -98
-96 -98
96 -98
-97 -98
97 -98
-7 -99
-7 99
10 99
21 99
37 99
-44 -99
-44 99
-49 -99
-49 99
54 99
-60 99
-78 -99
-78 99
-83 -99
-83 99
-98 -99
-98 99
6 100
-7 -100
-7 100
11 100
12 100
21 100
-22 100
26 100
27 100
28 100
-31 100
32 100
35 100
36 100
37 100
42 100
-44 -100
-44 100
45 100
46 100
48 100
-49 -100
-49 100
50 100
53 100
54 100
58 100
61 100
62 100
63 100
72 100
77 100
-78 -100
-78 100
79 100
80 100
82 100
-83 -100
-83 100
88 100
89 100
93 100
94 100
95 100
-98 -100
-98 100
-7 -101
-7 101
18 -101
23 -101
39 -101
42 101
43 -101
-44 -101
-44 101
45 101
-49 -101
-49 101
56 101
59 101
64 101
67 -101
73 -101
77 101
-78 -101
-78 101
-83 -101
-83 101
96 -101
-98 -101
-98 101
-7 -102
-7 102
42 102
-44 -102
-44 102
45 102
-49 -102
-49 102
56 102
59 102
64 102
77 102
-78 -102
-78 102
-83 -102
-83 102
-98 -102
-98 102
-101 102
-7 -103
-7 103
23 -103
42 103
-44 -103
-44 103
45 103
-49 -103
-49 103
56 103
59 103
64 103
77 103
-78 -103
-78 103
-83 -103
-83 103
-98 -103
-98 103
-101 103
-1 -104
1 -104
-2 -104
2 -104
-3 -104
3 -104
-4 -104
4 -104
-5 -104
5 -104
-6 -104
6 -104
-7 -104
7 -104
-7 104
-8 -104
8 -104
-9 -104
9 -104
-10 -104
10 -104
-11 -104
11 -104
-12 -104
12 -104
-13 -104
13 -104
-14 -104
14 -104
-15 -104
15 -104
-16 -104
16 -104
-17 -104
17 -104
-18 -104
18 -104
-19 -104
19 -104
-20 -104
20 -104
-21 -104
21 -104
-22 -104
22 -104
-23 -104
23 -104
-24 -104
24 -104
-25 -104
25 -104
-26 -104
26 -104
-27 -104
27 -104
-28 -104
28 -104
-29 -104
29 -104
-30 -104
30 -104
-31 -104
31 -104
-32 -104
32 -104
-33 -104
33 -104
-34 -104
34 -104
-35 -104
35 -104
-36 -104
36 -104
-37 -104
37 -104
-38 -104
38 -104
-39 -104
39 -104
-40 -104
40 -104
-41 -104
41 -104
-42 -104
42 -104
-43 -104
43 -104
-44 -104
44 -104
-44 104
-45 -104
45 -104
-46 -104
46 -104
-47 -104
47 -104
-48 -104
48 -104
-49 -104
49 -104
-49 104
-50 -104
50 -104
-51 -104
51 -104
-52 -104
52 -104
-53 -104
53 -104
-54 -104
54 -104
-55 -104
55 -104
-56 -104
56 -104
-57 -104
57 -104
-58 -104
58 -104
-59 -104
59 -104
-60 -104
60 -104
-61 -104
61 -104
-62 -104
62 -104
-63 -104
63 -104
-64 -104
64 -104
-65 -104
65 -104
-66 -104
66 -104
-67 -104
67 -104
-68 -104
68 -104
-69 -104
69 -104
-70 -104
70 -104
-71 -104
71 -104
-72 -104
72 -104
-73 -104
73 -104
-74 -104
74 -104
-75 -104
75 -104
-76 -104
76 -104
-77 -104
77 -104
-78 -104
78 -104
-78 104
-79 -104
79 -104
-80 -104
80 -104
-81 -104
81 -104
-82 -104
82 -104
-83 -104
83 -104
-83 104
-84 -104
84 -104
-85 -104
85 -104
-86 -104
86 -104
-87 -104
87 -104
-88 -104
88 -104
-89 -104
89 -104
-90 -104
90 -104
-91 -104
91 -104
-92 -104
92 -104
-93 -104
93 -104
-94 -104
94 -104
-95 -104
95 -104
-96 -104
96 -104
-97 -104
97 -104
-98 -104
98 -104
-98 104
-99 -104
99 -104
-100 -104
100 -104
-101 -104
101 -104
-102 -104
102 -104
-103 -104
103 -104
-7 -105
-7 105
-44 -105
-44 105
-49 -105
-49 105
57 105
-78 -105
-78 105
-83 -105
-83 105
-98 -105
-98 105
-104 -105
-104 105
-7 -106
-7 106
15 106
-44 -106
-44 106
-49 -106
-49 106
-78 -106
-78 106
-83 -106
-83 106
-98 -106
-98 106
-104 -106
-104 106
1 -107
-7 -107
-7 107
-44 -107
-44 107
-49 -107
-49 107
68 -107
-78 -107
-78 107
-83 -107
-83 107
-98 -107
-98 107
-104 -107
-104 107
-7 -108
-7 108
-44 -108
-44 108
-49 -108
-49 108
-66 108
-78 -108
-78 108
-83 -108
-83 108
-98 -108
-98 108
-104 -108
-104 108
1 109
-5 109
6 109
-7 -109
-7 109
11 109
12 109
21 109
22 109
26 109
27 109
28 109
29 109
31 109
32 109
35 109
36 109
37 109
40 109
42 109
43 109
-44 -109
-44 109
45 109
46 109
48 109
-49 -109
-49 109
50 109
53 109
54 109
55 109
58 109
61 109
62 109
63 109
68 109
72 109
77 109
-78 -109
-78 109
79 109
80 109
82 109
-83 -109
-83 109
88 109
-89 109
92 109
93 109
94 109
95 109
-98 -109
-98 109
100 109
-104 -109
-104 109
-1 -110
1 -110
-2 -110
2 -110
-3 -110
3 -110
-4 -110
4 -110
-5 -110
5 -110
-6 -110
6 -110
-7 -110
7 -110
-7 110
-8 -110
8 -110
-9 -110
9 -110
-10 -110
10 -110
-11 -110
11 -110
-12 -110
12 -110
-13 -110
13 -110
-14 -110
14 -110
-15 -110
15 -110
-16 -110
16 -110
-17 -110
17 -110
-18 -110
18 -110
-19 -110
19 -110
-20 -110
20 -110
-21 -110
21 -110
-22 -110
22 -110
-23 -110
23 -110
-24 -110
24 -110
-25 -110
25 -110
-26 -110
26 -110
-27 -110
27 -110
-28 -110
28 -110
-29 -110
29 -110
-30 -110
30 -110
-31 -110
31 -110
-32 -110
32 -110
-33 -110
33 -110
-34 -110
34 -110
-35 -110
35 -110
-36 -110
36 -110
-37 -110
37 -110
-38 -110
38 -110
-39 -110
39 -110
-40 -110
40 -110
-41 -110
41 -110
-42 -110
42 -110
-43 -110
43 -110
-44 -110
44 -110
-44 110
-45 -110
45 -110
-46 -110
46 -110
-47 -110
47 -110
-48 -110
48 -110
-49 -110
49 -110
-49 110
-50 -110
50 -110
-51 -110
51 -110
-52 -110
52 -110
-53 -110
53 -110
-54 -110
54 -110
-55 -110
55 -110
-56 -110
56 -110
-57 -110
57 -110
-58 -110
58 -110
-59 -110
59 -110
-60 -110
60 -110
-61 -110
61 -110
-62 -110
62 -110
-63 -110
63 -110
-64 -110
64 -110
-65 -110
65 -110
-66 -110
66 -110
-67 -110
67 -110
-68 -110
68 -110
-69 -110
69 -110
-70 -110
70 -110
-71 -110
71 -110
-72 -110
72 -110
-73 -110
73 -110
-74 -110
74 -110
-75 -110
75 -110
-76 -110
76 -110
-77 -110
77 -110
-78 -110
78 -110
-78 110
-79 -110
79 -110
-80 -110
80 -110
-81 -110
81 -110
-82 -110
82 -110
-83 -110
83 -110
-83 110
-84 -110
84 -110
-85 -110
85 -110
-86 -110
86 -110
-87 -110
87 -110
-88 -110
88 -110
-89 -110
89 -110
-90 -110
90 -110
-91 -110
91 -110
-92 -110
92 -110
-93 -110
93 -110
-94 -110
94 -110
-95 -110
95 -110
-96 -110
96 -110
-97 -110
97 -110
-98 -110
98 -110
-98 110
-99 -110
99 -110
-100 -110
100 -110
-101 -110
101 -110
-102 -110
102 -110
-103 -110
103 -110
-104 -110
104 -110
-104 110
-105 -110
105 -110
-106 -110
106 -110
-107 -110
107 -110
-108 -110
108 -110
-109 -110
109 -110
1 111
-6 111
-7 -111
-7 111
11 111
12 111
21 111
22 111
26 111
27 111
28 111
29 111
-31 111
32 111
35 111
36 111
37 111
42 111
43 111
-44 -111
-44 111
45 111
46 111
48 111
-49 -111
-49 111
50 111
53 111
54 111
55 111
58 111
61 111
62 111
63 111
68 111
72 111
77 111
-78 -111
-78 111
79 111
80 111
82 111
-83 -111
-83 111
88 111
89 111
92 111
93 111
94 111
95 111
-98 -111
-98 111
100 111
-104 -111
-104 111
109 111
-110 -111
-110 111
6 112
-7 -112
-7 112
11 112
12 112
21 112
-22 112
26 112
27 112
28 112
29 -112
-31 112
32 112
35 112
36 112
37 112
42 112
-44 -112
-44 112
45 112
46 112
48 112
-49 -112
-49 112
50 112
53 112
54 112
55 -112
58 112
61 112
62 112
63 112
72 112
77 112
-78 -112
-78 112
79 112
80 112
82 112
-83 -112
-83 112
88 112
89 112
92 -112
93 112
94 112
95 112
-98 -112
-98 112
100 -112
-104 -112
-104 112
109 112
-110 -112
-110 112
111 112
-7 -113
-7 113
42 113
-44 -113
-44 113
45 113
-49 -113
-49 113
56 113
59 113
64 113
77 113
-78 -113
-78 113
-83 -113
-83 113
-98 -113
-98 113
-101 113
-104 -113
-104 113
-110 -113
-110 113
-7 -114
-7 114
-44 -114
-44 114
-49 -114
-49 114
-78 -114
-78 114
-83 -114
-83 114
-98 -114
-98 114
-104 -114
-104 114
-110 -114
-110 114
1 115
6 115
-7 -115
-7 115
11 115
12 115
21 115
-22 115
26 115
27 115
28 115
29 115
-31 115
32 115
36 115
37 115
42 115
-44 -115
-44 115
45 115
46 115
48 115
-49 -115
-49 115
50 115
53 115
54 115
55 115
58 115
61 115
62 115
63 115
68 115
72 115
77 115
-78 -115
-78 115
79 115
80 115
82 115
-83 -115
-83 115
88 115
89 115
92 115
93 115
94 115
95 115
-98 -115
-98 115
100 115
-104 -115
-104 115
109 115
-110 -115
-110 115
111 115
112 115
6 -116
-7 -116
-7 116
11 -116
12 -116
21 -116
22 -116
26 -116
27 -116
28 -116
29 -116
31 -116
32 -116
35 -116
36 -116
37 -116
42 -116
43 -116
-44 -116
-44 116
45 -116
46 -116
48 -116
-49 -116
-49 116
50 -116
53 -116
54 -116
55 -116
58 -116
61 -116
62 -116
63 -116
72 -116
77 -116
-78 -116
-78 116
79 -116
80 -116
82 -116
-83 -116
-83 116
88 -116
89 -116
92 -116
93 -116
94 -116
95 116
-95 -116
-98 -116
-98 116
100 -116
-104 -116
-104 116
109 -116
-110 -116
-110 116
111 -116
112 -116
115 -116
4 117
-7 -117
-7 117
-44 -117
-44 117
-49 -117
-49 117
-78 -117
-78 117
-83 -117
-83 117
-98 -117
-98 117
-104 -117
-104 117
-110 -117
-110 117
-7 -118
-7 118
-44 -118
-44 118
-49 -118
-49 118
-78 -118
-78 118
-83 -118
-83 118
-98 -118
-98 118
-104 -118
-104 118
-110 -118
-110 118
6 119
-7 -119
-7 119
11 119
12 119
21 119
22 119
26 119
27 119
28 119
29 119
-31 119
32 119
35 119
36 119
37 119
42 119
43 119
-44 -119
-44 119
45 119
46 119
48 119
-49 -119
-49 119
50 119
53 119
54 119
55 119
58 119
61 119
62 119
63 119
72 119
77 119
-78 -119
-78 119
79 119
80 119
82 119
-83 -119
-83 119
88 119
89 119
92 119
93 119
94 119
95 119
-98 -119
-98 119
100 119
-104 -119
-104 119
109 119
-110 -119
-110 119
111 119
112 119
115 119
-116 119
-7 -120
-7 120
42 120
-44 -120
-44 120
45 120
-49 -120
-49 120
56 120
59 120
64 120
77 120
-78 -120
-78 120
-83 -120
-83 120
-98 -120
-98 120
-101 120
-104 -120
-104 120
-110 -120
-110 120
-7 -121
-7 121
18 121
23 121
26 121
39 121
42 -121
43 121
-44 -121
-44 121
45 -121
46 121
-49 -121
-49 121
56 -121
59 -121
64 -121
-64 121
67 121
73 121
77 -121
-78 -121
-78 121
-83 -121
-83 121
96 121
-98 -121
-98 121
101 121
102 121
103 121
-104 -121
-104 121
-110 -121
-110 121
113 121
120 121
-7 -122
-7 122
-44 -122
-44 122
-49 -122
-49 122
-78 -122
-78 122
-83 -122
-83 122
-98 -122
-98 122
-104 -122
-104 122
-110 -122
-110 122
1 123
6 -123
-6 123
-7 -123
-7 123
11 123
12 123
21 123
22 123
26 123
27 123
28 123
29 123
-31 123
32 123
35 123
36 123
37 123
42 123
43 123
-44 -123
-44 123
45 123
46 123
48 123
-49 -123
-49 123
50 123
53 123
54 123
55 123
58 123
61 123
62 123
63 123
68 123
72 123
77 123
-78 -123
-78 123
79 123
80 123
82 123
-83 -123
-83 123
88 123
89 123
92 123
93 123
94 123
95 123
-98 -123
-98 123
100 123
-104 -123
-104 123
109 123
-110 -123
-110 123
111 -123
112 123
115 123
-116 123
119 123
-1 -124
1 -124
-2 -124
2 -124
-3 -124
3 -124
-4 -124
4 -124
-5 -124
5 -124
-6 -124
6 -124
-7 -124
7 -124
-7 124
-8 -124
8 -124
-9 -124
9 -124
-10 -124
10 -124
-11 -124
11 -124
-12 -124
12 -124
-13 -124
13 -124
-14 -124
14 -124
-15 -124
15 -124
-16 -124
16 -124
-17 -124
17 -124
-18 -124
18 -124
-19 -124
19 -124
-20 -124
20 -124
-21 -124
21 -124
-22 -124
22 -124
-23 -124
23 -124
-24 -124
24 -124
-25 -124
25 -124
-26 -124
26 -124
-27 -124
27 -124
-28 -124
28 -124
-29 -124
29 -124
-30 -124
30 -124
-31 -124
31 -124
-32 -124
32 -124
-33 -124
33 -124
-34 -124
34 -124
-35 -124
35 -124
-36 -124
36 -124
-37 -124
37 -124
-38 -124
38 -124
-39 -124
39 -124
-40 -124
40 -124
-41 -124
41 -124
-42 -124
42 -124
-43 -124
43 -124
-44 -124
44 -124
-44 124
-45 -124
45 -124
-46 -124
46 -124
-47 -124
47 -124
-48 -124
48 -124
-49 -124
49 -124
-49 124
-50 -124
50 -124
-51 -124
51 -124
-52 -124
52 -124
-53 -124
53 -124
-54 -124
54 -124
-55 -124
55 -124
-56 -124
56 -124
-57 -124
57 -124
-58 -124
58 -124
-59 -124
59 -124
-60 -124
60 -124
-61 -124
61 -124
-62 -124
62 -124
-63 -124
63 -124
-64 -124
64 -124
-65 -124
65 -124
-66 -124
66 -124
-67 -124
67 -124
-68 -124
68 -124
-69 -124
69 -124
-70 -124
70 -124
-71 -124
71 -124
-72 -124
72 -124
-73 -124
73 -124
-74 -124
74 -124
-75 -124
75 -124
-76 -124
76 -124
-77 -124
77 -124
-78 -124
78 -124
-78 124
-79 -124
79 -124
-80 -124
80 -124
-81 -124
81 -124
-82 -124
82 -124
-83 -124
83 -124
-83 124
-84 -124
84 -124
-85 -124
85 -124
-86 -124
86 -124
-87 -124
87 -124
-88 -124
88 -124
-89 -124
89 -124
-90 -124
90 -124
-91 -124
91 -124
-92 -124
92 -124
-93 -124
93 -124
-94 -124
94 -124
-95 -124
95 -124
-96 -124
96 -124
-97 -124
97 -124
-98 -124
98 -124
-98 124
-99 -124
99 -124
-100 -124
100 -124
-101 -124
101 -124
-102 -124
102 -124
-103 -124
103 -124
-104 -124
104 -124
-104 124
-105 -124
105 -124
-106 -124
106 -124
-107 -124
107 -124
-108 -124
108 -124
-109 -124
109 -124
-110 -124
110 -124
-110 124
-111 -124
111 -124
-112 -124
112 -124
-113 -124
113 -124
-114 -124
114 -124
-115 -124
115 -124
-116 -124
116 -124
-117 -124
117 -124
-118 -124
118 -124
-119 -124
119 -124
-120 -124
120 -124
-121 -124
121 -124
-122 -124
122 -124
-123 -124
123 -124
-7 -125
-7 125
-44 -125
-44 125
-49 -125
-49 125
52 -125
-78 -125
-78 125
-83 -125
-83 125
-98 -125
-98 125
-104 -125
-104 125
-110 -125
-110 125
-124 -125
-124 125
-7 -126
-7 126
-44 -126
-44 126
-49 -126
-49 126
-78 -126
-78 126
-83 -126
-83 126
-98 -126
-98 126
-104 -126
-104 126
-110 -126
-110 126
-124 -126
-124 126
-7 -127
-7 127
-44 -127
-44 127
-49 -127
-49 127
-78 -127
-78 127
-83 -127
-83 127
-98 -127
-98 127
-104 -127
-104 127
-110 -127
-110 127
-124 -127
-124 127
-7 -128
-7 128
-44 -128
-44 128
-49 -128
-49 128
-78 -128
-78 128
-83 -128
-83 128
-98 -128
-98 128
-104 -128
-104 128
-110 -128
-110 128
-124 -128
-124 128
-126 128
-7 -129
-7 129
14 129
-25 129
-44 -129
-44 129
-49 -129
-49 129
-78 -129
-78 129
-83 -129
-83 129
-98 -129
-98 129
-104 -129
-104 129
-110 -129
-110 129
-124 -129
-124 129
-7 -130
-7 130
-44 -130
-44 130
-49 -130
-49 130
-76 -130
-78 -130
-78 130
-83 -130
-83 130
-98 -130
-98 130
-104 -130
-104 130
-110 -130
-110 130
-124 -130
-124 130
-7 -131
-7 131
-44 -131
-44 131
-49 -131
-49 131
-78 -131
-78 131
-83 -131
-83 131
-98 -131
-98 131
-104 -131
-104 131
-110 -131
-110 131
-124 -131
-124 131
-7 -132
-7 132
-44 -132
-44 132
-49 -132
-49 132
-78 -132
-78 132
-83 -132
-83 132
-98 -132
-98 132
-104 -132
-104 132
-110 -132
-110 132
-124 -132
-124 132
-7 -133
-7 133
15 133
16 -133
-44 -133
-44 133
-49 -133
-49 133
-60 133
-71 133
-78 -133
-78 133
-83 -133
-83 133
-98 -133
-98 133
-104 -133
-104 133
-110 -133
-110 133
-124 -133
-124 133
-7 -134
-7 134
42 134
-44 -134
-44 134
-49 -134
-49 134
-78 -134
-78 134
-83 -134
-83 134
-98 -134
-98 134
-104 -134
-104 134
-107 134
-110 -134
-110 134
-124 -134
-124 134
-7 -135
-7 135
-44 -135
-44 135
-49 -135
-49 135
-78 -135
-78 135
-83 -135
-83 135
-98 -135
-98 135
-104 -135
-104 135
-110 -135
-110 135
-124 -135
-124 135
-7 -136
-7 136
-44 -136
-44 136
-49 -136
-49 136
-78 -136
-78 136
-83 -136
-83 136
-98 -136
-98 136
-104 -136
-104 136
-110 -136
-110 136
-124 -136
-124 136
1 137
6 137
-7 -137
-7 137
11 137
12 137
18 137
21 137
22 137
23 137
26 137
27 137
28 137
29 137
-31 137
32 137
35 137
36 137
37 137
39 137
42 137
43 137
-44 -137
-44 137
45 137
46 137
48 137
-49 -137
-49 137
50 137
53 137
54 137
55 137
58 137
61 137
62 137
63 137
-64 137
67 137
68 137
72 137
73 137
77 137
-78 -137
-78 137
79 137
80 137
82 137
-83 -137
-83 137
88 137
89 137
92 137
93 137
94 137
95 137
96 137
-98 -137
-98 137
100 137
101 137
102 137
103 137
-104 -137
-104 137
109 137
-110 -137
-110 137
111 137
112 137
113 137
115 137
-116 137
119 137
120 137
-121 137
123 137
-124 -137
-124 137
-7 -138
-7 138
33 -138
-44 -138
-44 138
-49 -138
-49 138
-78 -138
-78 138
-83 -138
-83 138
-98 -138
-98 138
-104 -138
-104 138
-110 -138
-110 138
-124 -138
-124 138
-7 -139
-7 139
-44 -139
-44 139
-49 -139
-49 139
-78 -139
-78 139
-83 -139
-83 139
-98 -139
-98 139
-104 -139
-104 139
-110 -139
-110 139
-124 -139
-124 139
1 140
-5 140
6 140
-7 -140
-7 140
11 140
12 140
18 140
21 140
22 140
23 140
26 140
27 140
28 140
29 140
31 140
32 140
35 140
36 140
37 140
39 140
40 140
42 140
43 140
-44 -140
-44 140
45 140
46 140
48 140
-49 -140
-49 140
50 140
53 140
54 140
55 140
58 140
61 140
62 140
63 140
-64 140
67 140
68 140
72 140
73 140
-77 140
-78 -140
-78 140
79 140
80 140
82 140
-83 -140
-83 140
88 140
89 140
92 140
93 140
94 140
95 140
96 140
-98 -140
-98 140
100 140
101 140
102 140
103 140
-104 -140
-104 140
109 140
-110 -140
-110 140
111 140
112 140
113 140
115 140
-116 140
119 140
120 140
-121 140
123 140
-124 -140
-124 140
137 140
6 141
-7 -141
-7 141
11 141
12 141
21 141
22 141
26 141
27 141
28 141
29 141
-31 141
32 141
36 141
37 141
42 141
-44 -141
-44 141
45 141
46 141
48 141
-49 -141
-49 141
50 141
53 141
54 141
55 141
58 141
61 141
62 141
63 141
72 141
77 141
-78 -141
-78 141
79 141
80 141
82 141
-83 -141
-83 141
88 141
89 141
92 141
93 141
94 141
95 141
-98 -141
-98 141
100 141
-104 -141
-104 141
109 141
-110 -141
-110 141
111 141
112 141
115 141
-116 141
119 141
123 141
-124 -141
-124 141
137 141
140 141
6 142
-7 -142
-7 142
11 142
12 142
21 142
-22 142
26 142
27 142
28 142
-31 142
32 142
35 142
36 142
37 142
42 142
-44 -142
-44 142
45 142
46 142
48 142
-49 -142
-49 142
50 142
53 142
54 142
58 142
61 142
62 142
63 142
72 142
77 142
-78 -142
-78 142
79 142
80 142
82 142
-83 -142
-83 142
88 142
89 142
93 142
94 142
95 142
-98 -142
-98 142
100 142
-104 -142
-104 142
109 142
-110 -142
-110 142
111 142
-112 142
115 142
-116 142
119 142
123 142
-124 -142
-124 142
137 142
140 142
141 142
-7 -143
-7 143
-44 -143
-44 143
-49 -143
-49 143
-78 -143
-78 143
-83 -143
-83 143
-98 -143
-98 143
-104 -143
-104 143
-110 -143
-110 143
-124 -143
-124 143
-7 -144
-7 144
-44 -144
-44 144
-49 -144
-49 144
-78 -144
-78 144
-83 -144
-83 144
-98 -144
-98 144
-104 -144
-104 144
-110 -144
-110 144
-124 -144
-124 144
6 145
-7 -145
-7 145
11 145
12 145
21 145
22 145
26 145
27 145
28 145
29 145
-31 145
32 145
35 145
36 145
37 145
42 145
43 145
-44 -145
-44 145
45 145
46 145
48 145
-49 -145
-49 145
50 145
53 145
54 145
55 145
58 145
61 145
62 145
63 145
72 145
77 145
-78 -145
-78 145
79 145
80 145
82 145
-83 -145
-83 145
88 145
89 145
92 145
93 145
94 145
95 145
-98 -145
-98 145
100 145
-104 -145
-104 145
109 145
-110 -145
-110 145
111 145
112 145
115 145
-116 145
119 145
123 145
-124 -145
-124 145
137 145
140 145
141 145
142 145
1 146
-5 146
6 146
-7 -146
-7 146
11 146
12 146
21 146
22 146
27 146
28 146
29 146
32 146
35 146
36 146
37 146
40 146
42 146
-44 -146
-44 146
45 146
46 146
48 146
-49 -146
-49 146
50 146
53 146
54 146
55 146
58 146
61 146
62 146
63 146
68 146
72 146
77 -146
-78 -146
-78 146
79 146
80 -146
82 146
-83 -146
-83 146
88 146
89 -146
92 146
93 -146
94 -146
95 146
-98 -146
-98 146
100 146
-104 -146
-104 146
109 -146
-110 -146
-110 146
111 146
112 146
115 146
-116 146
119 146
123 146
-124 -146
-124 146
137 146
140 -146
141 146
142 146
145 146
-1 -147
1 -147
-2 -147
2 -147
-3 -147
3 -147
-4 -147
4 -147
-5 -147
5 -147
-6 -147
6 -147
-7 -147
7 -147
-7 147
-8 -147
8 -147
-9 -147
9 -147
-10 -147
10 -147
-11 -147
11 -147
-12 -147
12 -147
-13 -147
13 -147
-14 -147
14 -147
-15 -147
15 -147
-16 -147
16 -147
-17 -147
17 -147
-18 -147
18 -147
-19 -147
19 -147
-20 -147
20 -147
-21 -147
21 -147
-22 -147
22 -147
-23 -147
23 -147
-24 -147
24 -147
-25 -147
25 -147
-26 -147
26 -147
-27 -147
27 -147
-28 -147
28 -147
-29 -147
29 -147
-30 -147
30 -147
-31 -147
31 -147
-32 -147
32 -147
-33 -147
33 -147
-34 -147
34 -147
-35 -147
35 -147
-36 -147
36 -147
-37 -147
37 -147
-38 -147
38 -147
-39 -147
39 -147
-40 -147
40 -147
-41 -147
41 -147
-42 -147
42 -147
-43 -147
43 -147
-44 -147
44 -147
-44 147
-45 -147
45 -147
-46 -147
46 -147
-47 -147
47 -147
-48 -147
48 -147
-49 -147
49 -147
-49 147
-50 -147
50 -147
-51 -147
51 -147
-52 -147
52 -147
-53 -147
53 -147
-54 -147
54 -147
-55 -147
55 -147
-56 -147
56 -147
-57 -147
57 -147
-58 -147
58 -147
-59 -147
59 -147
-60 -147
60 -147
-61 -147
61 -147
-62 -147
62 -147
-63 -147
63 -147
-64 -147
64 -147
-65 -147
65 -147
-66 -147
66 -147
-67 -147
67 -147
-68 -147
68 -147
-69 -147
69 -147
-70 -147
70 -147
-71 -147
71 -147
-72 -147
72 -147
-73 -147
73 -147
-74 -147
74 -147
-75 -147
75 -147
-76 -147
76 -147
-77 -147
77 -147
-78 -147
78 -147
-78 147
-79 -147
79 -147
-80 -147
80 -147
-81 -147
81 -147
-82 -147
82 -147
-83 -147
83 -147
-83 147
-84 -147
84 -147
-85 -147
85 -147
-86 -147
86 -147
-87 -147
87 -147
-88 -147
88 -147
-89 -147
89 -147
-90 -147
90 -147
-91 -147
91 -147
-92 -147
92 -147
-93 -147
93 -147
-94 -147
94 -147
-95 -147
95 -147
-96 -147
96 -147
-97 -147
97 -147
-98 -147
98 -147
-98 147
-99 -147
99 -147
-100 -147
100 -147
-101 -147
101 -147
-102 -147
102 -147
-103 -147
103 -147
-104 -147
104 -147
-104 147
-105 -147
105 -147
-106 -147
106 -147
-107 -147
107 -147
-108 -147
108 -147
-109 -147
109 -147
-110 -147
110 -147
-110 147
-111 -147
111 -147
-112 -147
112 -147
-113 -147
113 -147
-114 -147
114 -147
-115 -147
115 -147
-116 -147
116 -147
-117 -147
117 -147
-118 -147
118 -147
-119 -147
119 -147
-120 -147
120 -147
-121 -147
121 -147
-122 -147
122 -147
-123 -147
123 -147
-124 -147
124 -147
-124 147
-125 -147
125 -147
-126 -147
126 -147
-127 -147
127 -147
-128 -147
128 -147
-129 -147
129 -147
-130 -147
130 -147
-131 -147
131 -147
-132 -147
132 -147
-133 -147
133 -147
-134 -147
134 -147
-135 -147
135 -147
-136 -147
136 -147
-137 -147
137 -147
-138 -147
138 -147
-139 -147
139 -147
-140 -147
140 -147
-141 -147
141 -147
-142 -147
142 -147
-143 -147
143 -147
-144 -147
144 -147
-145 -147
145 -147
-146 -147
146 -147
6 148
-7 -148
-7 148
12 148
21 148
-22 148
27 148
28 148
-31 148
32 148
37 148
42 148
-44 -148
-44 148
45 148
46 148
-49 -148
-49 148
54 148
61 148
63 148
77 148
-78 -148
-78 148
79 148
80 148
82 148
-83 -148
-83 148
88 148
89 148
93 148
94 148
95 148
-98 -148
-98 148
-104 -148
-104 148
109 148
-110 -148
-110 148
111 148
-116 148
119 148
123 148
-124 -148
-124 148
137 148
140 148
141 148
145 148
146 148
-147 -148
-147 148
-7 -149
-7 149
42 149
-44 -149
-44 149
45 149
-49 -149
-49 149
56 149
59 149
64 149
77 149
-78 -149
-78 149
-83 -149
-83 149
-98 -149
-98 149
-101 149
-104 -149
-104 149
-110 -149
-110 149
121 149
-124 -149
-124 149
137 149
140 149
-147 -149
-147 149
-7 -150
-7 150
-44 -150
-44 150
-49 -150
-49 150
-78 -150
-78 150
-83 -150
-83 150
-98 -150
-98 150
-104 -150
-104 150
-110 -150
-110 150
-124 -150
-124 150
-147 -150
-147 150
6 151
-7 -151
-7 151
11 151
12 151
21 151
22 151
26 151
27 151
28 151
29 151
-31 151
32 151
36 151
37 151
42 151
-44 -151
-44 151
45 151
46 151
48 151
-49 -151
-49 151
50 151
53 151
54 151
55 151
58 151
61 151
62 151
63 151
72 151
77 151
-78 -151
-78 151
79 151
80 151
82 151
-83 -151
-83 151
88 151
89 151
92 151
93 151
94 151
95 151
-98 -151
-98 151
100 151
-104 -151
-104 151
109 151
-110 -151
-110 151
111 151
112 151
115 151
-116 151
119 151
123 151
-124 -151
-124 151
137 151
140 151
141 -151
142 151
145 151
146 151
-147 -151
-147 151
148 151
-7 -152
-7 152
42 152
-44 -152
-44 152
45 152
-49 -152
-49 152
56 152
59 152
64 152
77 152
-78 -152
-78 152
-83 -152
-83 152
-98 -152
-98 152
-101 152
-104 -152
-104 152
-110 -152
-110 152
121 152
-124 -152
-124 152
137 152
140 152
-147 -152
-147 152
6 153
-7 -153
-7 153
-10 153
11 153
12 153
21 153
22 153
26 153
27 153
28 153
29 153
31 153
32 153
35 153
36 153
-37 153
42 153
43 153
-44 -153
-44 153
45 153
46 153
48 153
-49 -153
-49 153
50 153
53 153
54 153
55 153
58 153
61 153
62 153
63 153
72 153
77 153
-78 -153
-78 153
79 153
80 153
82 153
-83 -153
-83 153
88 153
89 153
92 153
93 153
94 153
95 153
-98 -153
-98 153
99 153
100 153
-104 -153
-104 153
109 153
-110 -153
-110 153
111 153
112 153
115 153
-116 153
119 153
123 153
-124 -153
-124 153
137 153
140 153
141 153
142 153
145 153
146 153
-147 -153
-147 153
148 153
151 153
-7 -154
-7 154
-44 -154
-44 154
-49 -154
-49 154
-78 -154
-78 154
-83 -154
-83 154
-98 -154
-98 154
-104 -154
-104 154
-110 -154
-110 154
-124 -154
-124 154
-147 -154
-147 154
-7 -155
-7 155
-44 -155
-44 155
-49 -155
-49 155
-78 -155
-78 155
-83 -155
-83 155
-98 -155
-98 155
-104 -155
-104 155
-110 -155
-110 155
-124 -155
-124 155
-147 -155
-147 155
-1 -156
1 -156
-2 -156
2 -156
-3 -156
3 -156
-4 -156
4 -156
-5 -156
5 -156
-6 -156
6 -156
-7 -156
7 -156
-7 156
-8 -156
8 -156
-9 -156
9 -156
-10 -156
10 -156
-11 -156
11 -156
-12 -156
12 -156
-13 -156
13 -156
-14 -156
14 -156
-15 -156
15 -156
-16 -156
16 -156
-17 -156
17 -156
-18 -156
18 -156
-19 -156
19 -156
-20 -156
20 -156
-21 -156
21 -156
-22 -156
22 -156
-23 -156
23 -156
-24 -156
24 -156
-25 -156
25 -156
-26 -156
26 -156
-27 -156
27 -156
-28 -156
28 -156
-29 -156
29 -156
-30 -156
30 -156
-31 -156
31 -156
-32 -156
32 -156
-33 -156
33 -156
-34 -156
34 -156
-35 -156
35 -156
-36 -156
36 -156
-37 -156
37 -156
-38 -156
38 -156
-39 -156
39 -156
-40 -156
40 -156
-41 -156
41 -156
-42 -156
42 -156
-43 -156
43 -156
-44 -156
44 -156
-44 156
-45 -156
45 -156
-46 -156
46 -156
-47 -156
47 -156
-48 -156
48 -156
-49 -156
49 -156
-49 156
-50 -156
50 -156
-51 -156
51 -156
-52 -156
52 -156
-53 -156
53 -156
-54 -156
54 -156
-55 -156
55 -156
-56 -156
56 -156
-57 -156
57 -156
-58 -156
58 -156
-59 -156
59 -156
-60 -156
60 -156
-61 -156
61 -156
-62 -156
62 -156
-63 -156
63 -156
-64 -156
64 -156
-65 -156
65 -156
-66 -156
66 -156
-67 -156
67 -156
-68 -156
68 -156
-69 -156
69 -156
-70 -156
70 -156
-71 -156
71 -156
-72 -156
72 -156
-73 -156
73 -156
-74 -156
74 -156
-75 -156
75 -156
-76 -156
76 -156
-77 -156
77 -156
-78 -156
78 -156
-78 156
-79 -156
79 -156
-80 -156
80 -156
-81 -156
81 -156
-82 -156
82 -156
-83 -156
83 -156
-83 156
-84 -156
84 -156
-85 -156
85 -156
-86 -156
86 -156
-87 -156
87 -156
-88 -156
88 -156
-89 -156
89 -156
-90 -156
90 -156
-91 -156
91 -156
-92 -156
92 -156
-93 -156
93 -156
-94 -156
94 -156
-95 -156
95 -156
-96 -156
96 -156
-97 -156
97 -156
-98 -156
98 -156
-98 156
-99 -156
99 -156
-100 -156
100 -156
-101 -156
101 -156
-102 -156
102 -156
-103 -156
103 -156
-104 -156
104 -156
-104 156
-105 -156
105 -156
-106 -156
106 -156
-107 -156
107 -156
-108 -156
108 -156
-109 -156
109 -156
-110 -156
110 -156
-110 156
-111 -156
111 -156
-112 -156
112 -156
-113 -156
113 -156
-114 -156
114 -156
-115 -156
115 -156
-116 -156
116 -156
-117 -156
117 -156
-118 -156
118 -156
-119 -156
119 -156
-120 -156
120 -156
-121 -156
121 -156
-122 -156
122 -156
-123 -156
123 -156
-124 -156
124 -156
-124 156
-125 -156
125 -156
-126 -156
126 -156
-127 -156
127 -156
-128 -156
128 -156
-129 -156
129 -156
-130 -156
130 -156
-131 -156
131 -156
-132 -156
132 -156
-133 -156
133 -156
-134 -156
134 -156
-135 -156
135 -156
-136 -156
136 -156
-137 -156
137 -156
-138 -156
138 -156
-139 -156
139 -156
-140 -156
140 -156
-141 -156
141 -156
-142 -156
142 -156
-143 -156
143 -156
-144 -156
144 -156
-145 -156
145 -156
-146 -156
146 -156
-147 -156
147 -156
-147 156
-148 -156
148 -156
-149 -156
149 -156
-150 -156
150 -156
-151 -156
151 -156
-152 -156
152 -156
-153 -156
153 -156
-154 -156
154 -156
-155 -156
155 -156
-7 -157
-7 157
-44 -157
-44 157
-49 -157
-49 157
-78 -157
-78 157
-83 -157
-83 157
-98 -157
-98 157
-104 -157
-104 157
-110 -157
-110 157
-124 -157
-124 157
-147 -157
-147 157
-156 -157
-156 157
-7 -158
-7 158
-44 -158
-44 158
-49 -158
-49 158
52 -158
-78 -158
-78 158
-83 -158
-83 158
-98 -158
-98 158
-104 -158
-104 158
-110 -158
-110 158
-124 -158
-124 158
-147 -158
-147 158
-156 -158
-156 158
6 159
-7 -159
-7 159
11 159
12 159
21 159
22 159
26 159
27 159
28 159
29 159
-31 159
32 159
35 159
36 159
37 159
42 159
43 159
-44 -159
-44 159
45 159
46 159
48 159
-49 -159
-49 159
50 159
53 159
54 159
55 159
58 159
61 159
62 159
63 159
72 159
77 159
-78 -159
-78 159
79 159
80 159
82 159
-83 -159
-83 159
88 159
89 159
92 159
93 159
94 159
95 159
-98 -159
-98 159
100 159
-104 -159
-104 159
109 159
-110 -159
-110 159
111 159
112 159
115 159
-116 159
119 159
123 159
-124 -159
-124 159
137 159
140 159
141 159
142 159
145 159
146 159
-147 -159
-147 159
148 159
151 159
153 159
-156 -159
-156 159
-7 -160
-7 160
-44 -160
-44 160
-49 -160
-49 160
-66 160
-78 -160
-78 160
-83 -160
-83 160
-98 -160
-98 160
-104 -160
-104 160
-110 -160
-110 160
-124 -160
-124 160
-132 160
-147 -160
-147 160
-156 -160
-156 160
-7 -161
-7 161
34 -161
-44 -161
-44 161
-49 -161
-49 161
-78 -161
-78 161
-83 -161
-83 161
-98 -161
-98 161
-104 -161
-104 161
-110 -161
-110 161
-124 -161
-124 161
-147 -161
-147 161
-156 -161
-156 161
6 -162
-7 -162
-7 162
-10 -162
11 -162
12 -162
21 162
-21 -162
22 -162
26 -162
27 -162
28 -162
29 -162
31 -162
32 -162
35 -162
36 -162
37 -162
42 -162
43 -162
-44 -162
-44 162
45 -162
46 -162
48 -162
-49 -162
-49 162
50 -162
53 -162
54 -162
55 -162
58 -162
61 -162
62 -162
63 -162
72 -162
77 -162
-78 -162
-78 162
79 -162
80 -162
82 -162
-83 -162
-83 162
88 -162
89 -162
92 -162
93 -162
94 -162
95 -162
-98 -162
-98 162
99 -162
100 -162
-104 -162
-104 162
109 -162
-110 -162
-110 162
111 -162
112 -162
115 -162
-116 -162
119 -162
123 -162
-124 -162
-124 162
137 -162
140 -162
141 -162
142 -162
145 -162
146 -162
-147 -162
-147 162
148 -162
151 -162
153 -162
-156 -162
-156 162
159 -162
-7 -163
-7 163
13 -163
15 163
16 -163
20 -163
-44 -163
-44 163
-49 -163
-49 163
-71 163
-78 -163
-78 163
-83 -163
-83 163
-98 -163
-98 163
-104 -163
-104 163
-110 -163
-110 163
-124 -163
-124 163
133 -163
-147 -163
-147 163
-156 -163
-156 163
6 164
-7 -164
-7 164
11 164
12 164
21 164
22 164
26 164
27 164
28 164
29 164
-31 164
32 164
35 164
36 164
37 164
42 164
43 164
-44 -164
-44 164
45 164
46 164
48 164
-49 -164
-49 164
50 164
53 164
54 164
55 164
58 164
61 -164
62 164
63 164
72 164
77 164
-78 -164
-78 164
79 164
80 164
82 164
-83 -164
-83 164
88 164
89 164
92 164
93 164
94 164
95 164
-98 -164
-98 164
100 164
-104 -164
-104 164
109 164
-110 -164
-110 164
111 164
112 164
115 164
-116 164
119 164
123 164
-124 -164
-124 164
137 164
140 164
141 164
142 164
145 -164
-147 -164
-147 164
148 164
151 164
153 164
-156 -164
-156 164
159 -164
-162 164
-7 -165
-7 165
42 165
-44 -165
-44 165
45 165
-49 -165
-49 165
56 165
59 165
64 165
77 165
-78 -165
-78 165
-83 -165
-83 165
-98 -165
-98 165
-101 165
-104 -165
-104 165
-110 -165
-110 165
121 165
-124 -165
-124 165
137 165
140 165
-147 -165
-147 165
-156 -165
-156 165
6 166
-7 -166
-7 166
11 166
12 166
21 166
27 166
32 166
42 166
-44 -166
-44 166
45 166
48 166
-49 -166
-49 166
50 166
62 166
63 166
77 166
-78 -166
-78 166
-83 -166
-83 166
88 166
94 166
95 166
-98 -166
-98 166
-104 -166
-104 166
-110 -166
-110 166
111 166
115 166
-116 166
123 166
-124 -166
-124 166
137 166
140 166
141 166
-147 -166
-147 166
151 166
-156 -166
-156 166
-162 166
1 167
6 167
-7 -167
-7 167
11 167
12 167
21 167
22 167
26 167
-27 167
28 167
29 167
-31 167
32 167
35 167
36 167
37 167
42 167
43 167
-44 -167
-44 167
45 167
46 167
48 167
-49 -167
-49 167
50 167
53 167
54 167
55 167
58 167
61 167
62 167
63 167
68 167
72 167
77 167
-78 -167
-78 167
79 167
80 167
82 167
-83 -167
-83 167
88 167
89 167
92 167
93 167
94 167
95 167
-98 -167
-98 167
100 167
-104 -167
-104 167
109 167
-110 -167
-110 167
111 167
112 167
115 167
-116 167
119 167
123 167
-124 -167
-124 167
137 167
140 167
141 167
142 167
145 167
146 167
-147 -167
-147 167
148 167
151 167
153 167
-156 -167
-156 167
159 167
-162 167
164 167
166 167
-7 -168
-7 168
42 168
-44 -168
-44 168
-49 -168
-49 168
-78 -168
-78 168
-83 -168
-83 168
-98 -168
-98 168
-104 -168
-104 168
-110 -168
-110 168
-124 -168
-124 168
-147 -168
-147 168
-156 -168
-156 168
-7 -169
-7 169
-44 -169
-44 169
-49 -169
-49 169
70 -169
-78 -169
-78 169
-83 -169
-83 169
-98 -169
-98 169
-104 -169
-104 169
-110 -169
-110 169
-124 -169
-124 169
-147 -169
-147 169
-156 -169
-156 169
-7 -170
-7 170
9 -170
-44 -170
-44 170
-49 -170
-49 170
66 -170
-78 -170
-78 170
-83 -170
-83 170
-98 -170
-98 170
-104 -170
-104 170
108 -170
-110 -170
-110 170
122 -170
-124 -170
-124 170
132 -170
135 -170
-147 -170
-147 170
-156 -170
-156 170
160 -170
-5 -171
6 -171
-7 -171
-7 171
11 -171
12 -171
21 -171
27 -171
32 -171
35 -171
37 -171
40 -171
42 -171
-44 -171
-44 171
45 -171
46 -171
48 -171
-49 -171
-49 171
53 -171
54 -171
58 -171
77 171
-78 -171
-78 171
80 171
-83 -171
-83 171
88 -171
89 171
93 171
94 171
95 -171
-98 -171
-98 171
-104 -171
-104 171
109 171
-110 -171
-110 171
111 -171
115 -171
-116 -171
123 -171
-124 -171
-124 171
137 -171
140 171
141 -171
146 171
-147 -171
-147 171
151 -171
153 -171
-156 -171
-156 171
159 -171
-162 -171
167 -171
-7 -172
-7 172
19 172
-44 -172
-44 172
-49 -172
-49 172
-78 -172
-78 172
-83 -172
-83 172
-98 -172
-98 172
-104 -172
-104 172
-110 -172
-110 172
-124 -172
-124 172
-147 -172
-147 172
-156 -172
-156 172
5 173
-7 -173
-7 173
14 173
26 173
-40 173
-44 -173
-44 173
-49 -173
-49 173
56 173
59 173
77 173
-78 -173
-78 173
80 173
-83 -173
-83 173
84 173
89 173
93 173
94 173
-98 -173
-98 173
-104 -173
-104 173
109 173
-110 -173
-110 173
-124 -173
-124 173
140 173
146 173
-147 -173
-147 173
-156 -173
-156 173
-171 173
-7 -174
-7 174
15 174
-44 -174
-44 174
-49 -174
-49 174
-78 -174
-78 174
-83 -174
-83 174
-98 -174
-98 174
-104 -174
-104 174
106 174
-110 -174
-110 174
-124 -174
-124 174
-147 -174
-147 174
-156 -174
-156 174
6 175
-7 -175
-7 175
11 175
12 175
21 175
22 175
26 175
27 175
28 175
29 175
31 175
32 175
35 175
36 175
37 175
42 175
43 175
-44 -175
-44 175
45 175
46 175
48 175
-49 -175
-49 175
50 175
53 175
54 175
55 175
58 175
61 175
62 175
63 175
72 175
77 175
-78 -175
-78 175
79 175
80 175
-83 -175
-83 175
88 175
89 175
92 175
93 175
94 175
95 175
-98 -175
-98 175
100 175
-104 -175
-104 175
109 175
-110 -175
-110 175
111 175
112 175
115 175
-116 175
119 175
123 175
-124 -175
-124 175
137 175
140 175
141 175
142 175
145 175
146 175
-147 -175
-147 175
148 175
151 175
153 175
-156 -175
-156 175
159 175
-162 175
164 175
167 175
-7 -176
-7 176
15 176
41 176
-44 -176
-44 176
-49 -176
-49 176
65 176
75 176
-78 -176
-78 176
-83 -176
-83 176
-98 -176
-98 176
-104 -176
-104 176
-110 -176
-110 176
-124 -176
-124 176
-147 -176
-147 176
-156 -176
-156 176
6 177
-7 -177
-7 177
11 177
12 177
21 177
-22 177
26 177
27 177
28 177
29 177
-31 177
32 177
36 177
37 177
42 177
-44 -177
-44 177
45 177
46 177
48 177
-49 -177
-49 177
50 177
53 177
54 177
55 177
58 177
61 177
62 177
63 177
72 177
77 177
-78 -177
-78 177
79 177
80 177
82 177
-83 -177
-83 177
88 177
89 177
92 177
93 177
94 177
95 177
-98 -177
-98 177
100 177
-104 -177
-104 177
109 177
-110 -177
-110 177
111 177
112 177
115 177
-116 177
119 177
123 177
-124 -177
-124 177
137 177
140 177
141 177
142 177
145 177
146 177
-147 -177
-147 177
151 177
153 177
-156 -177
-156 177
159 177
-162 177
164 177
166 177
167 177
-171 177
175 177
6 178
-7 -178
-7 178
-10 178
11 178
12 178
21 178
22 178
26 178
27 178
28 178
29 178
31 178
32 178
35 178
36 178
-37 178
42 178
43 178
-44 -178
-44 178
45 178
46 178
48 178
-49 -178
-49 178
50 178
53 178
54 178
55 178
58 178
61 178
62 178
63 178
72 178
77 178
-78 -178
-78 178
79 178
80 178
82 178
-83 -178
-83 178
88 178
89 178
92 178
93 178
94 178
95 178
-98 -178
-98 178
99 178
100 178
-104 -178
-104 178
109 178
-110 -178
-110 178
111 178
112 178
115 178
-116 178
119 178
123 178
-124 -178
-124 178
137 178
140 178
141 178
142 178
145 178
146 178
-147 -178
-147 178
148 178
151 178
153 178
-156 -178
-156 178
159 178
-162 178
164 178
167 178
-171 178
175 178
177 178
6 179
-7 -179
-7 179
11 179
12 179
21 179
-22 179
26 179
27 179
28 179
29 179
-31 179
32 179
36 179
37 179
42 179
-44 -179
-44 179
45 179
46 179
48 179
-49 -179
-49 179
50 179
53 179
54 179
55 179
58 179
61 179
62 179
63 179
72 179
77 179
-78 -179
-78 179
79 179
80 179
82 179
-83 -179
-83 179
88 179
89 179
92 179
93 179
94 179
95 179
-98 -179
-98 179
100 179
-104 -179
-104 179
109 179
-110 -179
-110 179
111 179
112 179
115 179
-116 179
119 179
123 179
-124 -179
-124 179
137 179
140 179
141 179
142 179
145 179
146 179
-147 -179
-147 179
151 179
153 179
-156 -179
-156 179
159 179
-162 179
164 179
166 179
167 179
-171 179
175 179
177 179
178 179
-7 -180
-7 180
-44 -180
-44 180
-49 -180
-49 180
-78 -180
-78 180
-83 -180
-83 180
-98 -180
-98 180
-104 -180
-104 180
-110 -180
-110 180
-124 -180
-124 180
-147 -180
-147 180
-156 -180
-156 180
-7 -181
-7 181
-44 -181
-44 181
-49 -181
-49 181
-66 181
-78 -181
-78 181
-83 -181
-83 181
-98 -181
-98 181
-104 -181
-104 181
-110 -181
-110 181
-124 -181
-124 181
-147 -181
-147 181
-156 -181
-156 181
-170 181
-7 -182
-7 182
-44 -182
-44 182
-49 -182
-49 182
-66 182
-78 -182
-78 182
-83 -182
-83 182
-98 -182
-98 182
-104 -182
-104 182
-110 -182
-110 182
-124 -182
-124 182
-147 -182
-147 182
-156 -182
-156 182
-170 182
-7 -183
-7 183
15 183
41 183
-44 -183
-44 183
-49 -183
-49 183
65 183
75 183
-78 -183
-78 183
-83 -183
-83 183
-98 -183
-98 183
-104 -183
-104 183
-110 -183
-110 183
-124 -183
-124 183
-147 -183
-147 183
-156 -183
-156 183
176 183
-7 -184
-7 184
13 -184
15 184
16 -184
20 -184
-44 -184
-44 184
-49 -184
-49 184
-71 184
-78 -184
-78 184
-83 -184
-83 184
-98 -184
-98 184
-104 -184
-104 184
-110 -184
-110 184
-124 -184
-124 184
133 -184
-147 -184
-147 184
-156 -184
-156 184
163 -184
1 185
-5 185
6 185
-7 -185
-7 185
11 185
12 185
18 185
21 185
22 185
23 185
26 185
27 185
28 185
29 185
-31 185
32 185
35 185
36 185
37 185
39 185
40 185
42 185
43 185
-44 -185
-44 185
45 185
46 185
48 185
-49 -185
-49 185
50 185
53 185
54 185
55 185
58 185
61 185
62 185
63 185
-64 185
67 185
68 185
72 185
73 185
77 185
-78 -185
-78 185
79 185
80 185
82 185
-83 -185
-83 185
88 185
89 185
92 185
93 185
94 185
95 185
96 185
-98 -185
-98 185
100 185
101 185
102 185
103 185
-104 -185
-104 185
109 185
-110 -185
-110 185
111 185
112 185
113 185
115 185
-116 185
119 185
120 185
-121 185
123 185
-124 -185
-124 185
137 185
140 185
141 185
142 185
145 185
-146 185
-147 -185
-147 185
148 185
149 185
151 185
152 185
153 185
-156 -185
-156 185
159 185
-162 185
164 185
165 185
166 185
167 185
171 185
173 185
175 185
177 185
178 185
179 185
6 186
-7 -186
-7 186
11 186
12 186
21 186
22 186
26 186
27 186
28 186
29 186
-31 186
32 186
35 186
36 186
37 186
42 186
-44 -186
-44 186
45 186
46 186
48 186
-49 -186
-49 186
50 186
53 186
54 186
55 186
58 186
61 186
62 186
63 186
72 186
77 186
-78 -186
-78 186
79 186
80 186
82 186
-83 -186
-83 186
88 186
89 186
92 186
93 186
94 186
95 186
-98 -186
-98 186
100 186
-104 -186
-104 186
109 186
-110 -186
-110 186
111 186
112 186
115 186
-116 186
119 186
123 186
-124 -186
-124 186
137 186
140 186
141 186
142 186
145 186
146 186
-147 -186
-147 186
148 186
-151 186
153 186
-156 -186
-156 186
159 186
-162 186
164 186
166 186
167 186
-171 186
175 186
177 186
178 186
179 186
185 186
6 187
-7 -187
-7 187
-10 187
11 187
12 187
21 -187
-21 187
22 187
26 187
27 187
28 187
29 187
31 187
32 187
35 187
36 187
37 187
42 187
43 187
-44 -187
-44 187
45 187
46 187
48 187
-49 -187
-49 187
50 187
53 187
54 187
55 187
58 187
61 187
62 187
63 187
72 187
77 187
-78 -187
-78 187
79 187
80 187
82 187
-83 -187
-83 187
88 187
89 187
92 187
93 187
94 187
95 187
-98 -187
-98 187
99 187
100 187
-104 -187
-104 187
109 187
-110 -187
-110 187
111 187
112 187
115 187
-116 187
119 187
123 187
-124 -187
-124 187
137 187
140 187
141 187
142 187
145 187
146 187
-147 -187
-147 187
148 187
151 187
153 187
-156 -187
-156 187
159 187
162 187
-162 -187
164 187
166 187
167 187
-171 187
175 187
177 187
178 187
179 187
185 187
186 187
6 -188
-7 -188
-7 188
42 188
43 -188
-44 -188
-44 188
45 188
-49 -188
-49 188
77 188
-78 -188
-78 188
-83 -188
-83 188
-98 -188
-98 188
-104 -188
-104 188
-110 -188
-110 188
111 -188
123 -188
-124 -188
-124 188
137 188
140 188
-147 -188
-147 188
-156 -188
-156 188
185 188
-7 -189
-7 189
15 189
20 -189
-20 189
-44 -189
-44 189
-49 -189
-49 189
-71 189
-78 -189
-78 189
-83 -189
-83 189
-98 -189
-98 189
-104 -189
-104 189
-110 -189
-110 189
-124 -189
-124 189
-147 -189
-147 189
-156 -189
-156 189
-163 189
-184 189
6 190
-7 -190
-7 190
11 190
12 190
21 190
22 190
26 190
27 190
28 190
29 190
-31 190
32 190
35 190
36 190
37 190
42 190
43 190
-44 -190
-44 190
45 190
46 190
48 190
-49 -190
-49 190
50 190
53 190
54 190
55 190
58 190
61 -190
-61 190
62 190
63 190
72 190
77 190
-78 -190
-78 190
79 190
80 190
82 190
-83 -190
-83 190
88 190
89 190
92 190
93 190
94 190
95 190
-98 -190
-98 190
100 190
-104 -190
-104 190
109 190
-110 -190
-110 190
111 190
112 190
115 190
-116 190
119 190
123 190
-124 -190
-124 190
137 190
140 190
141 190
142 190
145 190
146 190
-147 -190
-147 190
148 190
151 190
153 190
-156 -190
-156 190
159 190
-162 190
-164 190
167 190
175 190
177 190
178 190
179 190
185 190
186 190
187 190
-7 -191
-7 191
-44 -191
-44 191
-49 -191
-49 191
-78 -191
-78 191
-83 -191
-83 191
-98 -191
-98 191
-104 -191
-104 191
-110 -191
-110 191
-124 -191
-124 191
-147 -191
-147 191
-156 -191
-156 191
1 192
-5 192
6 192
-7 -192
-7 192
11 192
12 192
18 192
21 192
22 192
23 192
26 192
27 192
28 192
29 192
-31 192
32 192
35 192
36 192
37 192
39 192
40 192
42 192
43 192
-44 -192
-44 192
45 192
46 192
48 192
-49 -192
-49 192
50 192
53 192
54 192
55 192
58 192
61 192
62 192
63 192
-64 192
67 192
68 192
72 192
73 192
77 192
-78 -192
-78 192
79 192
80 192
82 192
-83 -192
-83 192
88 192
89 192
92 192
93 192
94 192
95 192
96 192
-98 -192
-98 192
100 192
101 192
102 192
103 192
-104 -192
-104 192
109 192
-110 -192
-110 192
111 192
112 192
113 192
115 192
-116 192
119 192
120 192
-121 192
123 192
-124 -192
-124 192
137 192
140 192
141 192
142 192
145 192
-146 192
-147 -192
-147 192
148 192
149 192
151 192
152 192
153 192
-156 -192
-156 192
159 192
-162 192
-164 192
165 192
167 192
171 192
173 192
175 192
177 192
178 192
179 192
185 192
186 192
187 192
188 192
190 192
2 -193
4 -193
-7 -193
-7 193
13 -193
16 -193
20 -193
-44 -193
-44 193
-49 -193
-49 193
-78 -193
-78 193
-83 -193
-83 193
-98 -193
-98 193
-104 -193
-104 193
-110 -193
-110 193
117 -193
-124 -193
-124 193
133 -193
-147 -193
-147 193
-156 -193
-156 193
163 -193
189 -193
-7 -194
-7 194
34 -194
-44 -194
-44 194
-49 -194
-49 194
-78 -194
-78 194
-83 -194
-83 194
-98 -194
-98 194
-104 -194
-104 194
-110 -194
-110 194
-124 -194
-124 194
-147 -194
-147 194
-156 -194
-156 194
161 -194
-161 194
6 195
-7 -195
-7 195
11 195
12 195
21 195
22 195
26 195
27 195
28 195
29 195
-31 195
32 195
35 195
36 195
37 195
42 195
43 195
-44 -195
-44 195
45 195
46 195
48 195
-49 -195
-49 195
50 195
53 195
54 195
55 195
58 195
61 195
62 195
63 195
72 195
77 195
-78 -195
-78 195
79 195
80 195
82 195
-83 -195
-83 195
88 195
89 195
92 195
93 195
94 195
95 195
-98 -195
-98 195
100 195
-104 -195
-104 195
109 195
-110 -195
-110 195
111 195
112 195
115 195
-116 195
119 195
123 195
-124 -195
-124 195
137 195
140 195
141 195
142 195
145 195
146 195
-147 -195
-147 195
148 195
151 195
153 195
-156 -195
-156 195
159 195
-162 195
164 195
167 195
175 195
177 195
178 195
179 195
185 195
186 195
187 195
190 195
192 195
4 196
-7 -196
-7 196
-44 -196
-44 196
-49 -196
-49 196
-78 -196
-78 196
-83 -196
-83 196
-98 -196
-98 196
-104 -196
-104 196
-110 -196
-110 196
117 196
-124 -196
-124 196
-147 -196
-147 196
-156 -196
-156 196
-193 196
-7 -197
-7 197
-44 -197
-44 197
-49 -197
-49 197
-78 -197
-78 197
-83 -197
-83 197
-98 -197
-98 197
-104 -197
-104 197
-110 -197
-110 197
-124 -197
-124 197
-147 -197
-147 197
-156 -197
-156 197
-7 -198
-7 198
42 198
-44 -198
-44 198
-49 -198
-49 198
-78 -198
-78 198
-83 -198
-83 198
-98 -198
-98 198
-104 -198
-104 198
-110 -198
-110 198
-124 -198
-124 198
-147 -198
-147 198
-156 -198
-156 198
168 -198
-7 -199
-7 199
13 199
16 199
20 199
-44 -199
-44 199
-49 -199
-49 199
52 199
71 199
-78 -199
-78 199
-83 -199
-83 199
-98 -199
-98 199
-104 -199
-104 199
-110 -199
-110 199
-124 -199
-124 199
133 199
-147 -199
-147 199
-156 -199
-156 199
163 199
180 199
184 199
189 199
-7 -200
-7 200
-44 -200
-44 200
-49 -200
-49 200
-78 -200
-78 200
-83 -200
-83 200
-98 -200
-98 200
-104 -200
-104 200
-110 -200
-110 200
-124 -200
-124 200
-147 -200
-147 200
-156 -200
-156 200
172 -200
-7 -201
-7 201
15 201
20 201
-44 -201
-44 201
-49 -201
-49 201
-71 201
-78 -201
-78 201
-83 -201
-83 201
-98 -201
-98 201
-104 -201
-104 201
-110 -201
-110 201
-124 -201
-124 201
-147 -201
-147 201
-156 -201
-156 201
-163 201
-184 201
189 201
-193 201
199 201
-7 -202
-7 202
-44 -202
-44 202
-49 -202
-49 202
-78 -202
-78 202
-83 -202
-83 202
-98 -202
-98 202
-104 -202
-104 202
-110 -202
-110 202
-124 -202
-124 202
-147 -202
-147 202
-156 -202
-156 202
1 203
-5 203
6 203
-7 -203
-7 203
-10 203
11 203
12 203
21 203
22 203
-26 203
27 203
28 203
29 203
-31 203
32 203
35 203
36 203
37 203
40 203
42 203
-44 -203
-44 203
45 203
46 203
48 203
-49 -203
-49 203
50 203
53 203
54 203
55 203
56 203
58 203
59 203
61 203
62 203
63 203
64 203
68 203
72 203
77 203
-78 -203
-78 203
79 203
80 203
82 203
-83 -203
-83 203
88 203
89 203
92 203
93 203
94 203
95 203
-98 -203
-98 203
99 203
100 203
-104 -203
-104 203
109 203
-110 -203
-110 203
111 203
112 203
115 203
-116 203
119 203
121 203
123 203
-124 -203
-124 203
137 203
140 203
141 203
142 203
145 203
-146 203
-147 -203
-147 203
148 203
151 203
153 203
-156 -203
-156 203
159 203
-162 203
164 203
166 203
167 203
171 203
173 203
175 203
177 203
178 203
179 203
185 203
186 203
187 203
190 203
192 203
195 203
-7 -204
-7 204
-44 -204
-44 204
-49 -204
-49 204
-78 -204
-78 204
-83 -204
-83 204
-98 -204
-98 204
-104 -204
-104 204
-110 -204
-110 204
-124 -204
-124 204
-147 -204
-147 204
148 -204
-156 -204
-156 204
1 205
-7 -205
-7 205
12 205
32 205
37 205
42 205
-44 -205
-44 205
-49 -205
-49 205
54 205
68 205
-78 -205
-78 205
-83 -205
-83 205
88 205
-98 -205
-98 205
-104 -205
-104 205
-107 205
-110 -205
-110 205
-124 -205
-124 205
-147 -205
-147 205
153 205
-156 -205
-156 205
178 205
-7 -206
-7 206
-44 -206
-44 206
-49 -206
-49 206
-78 -206
-78 206
-83 -206
-83 206
-98 -206
-98 206
-104 -206
-104 206
-110 -206
-110 206
-124 -206
-124 206
-147 -206
-147 206
-156 -206
-156 206
6 -207
-7 -207
-7 207
26 -207
43 -207
-44 -207
-44 207
-49 -207
-49 207
77 207
-78 -207
-78 207
-83 -207
-83 207
-98 -207
-98 207
-104 -207
-104 207
-110 -207
-110 207
111 -207
123 -207
-124 -207
-124 207
140 207
-147 -207
-147 207
-156 -207
-156 207
185 207
188 -207
192 207
203 -207
-7 -208
-7 208
-44 -208
-44 208
-49 -208
-49 208
-66 208
-78 -208
-78 208
-83 -208
-83 208
-98 -208
-98 208
-104 -208
-104 208
-110 -208
-110 208
-124 -208
-124 208
-147 -208
-147 208
-156 -208
-156 208
-170 208
182 -208
-7 -209
-7 209
-44 -209
-44 209
-49 -209
-49 209
-78 -209
-78 209
-83 -209
-83 209
-98 -209
-98 209
-104 -209
-104 209
-110 -209
-110 209
-124 -209
-124 209
-147 -209
-147 209
-156 -209
-156 209
-7 -210
-7 210
-44 -210
-44 210
-49 -210
-49 210
-78 -210
-78 210
-83 -210
-83 210
-98 -210
-98 210
-104 -210
-104 210
-110 -210
-110 210
-124 -210
-124 210
-147 -210
-147 210
-156 -210
-156 210
-7 -211
-7 211
-44 -211
-44 211
-49 -211
-49 211
-78 -211
-78 211
-83 -211
-83 211
-98 -211
-98 211
-104 -211
-104 211
-110 -211
-110 211
-124 -211
-124 211
-147 -211
-147 211
-156 -211
-156 211
-7 -212
-7 212
-44 -212
-44 212
-49 -212
-49 212
-78 -212
-78 212
-83 -212
-83 212
-98 -212
-98 212
-104 -212
-104 212
-110 -212
-110 212
-124 -212
-124 212
-147 -212
-147 212
-156 -212
-156 212
6 -213
-7 -213
-7 213
11 213
12 213
21 -213
27 213
32 213
42 -213
-44 -213
-44 213
45 -213
48 213
-49 -213
-49 213
50 -213
62 -213
63 213
77 -213
-78 -213
-78 213
-83 -213
-83 213
88 213
94 213
95 213
-98 -213
-98 213
-104 -213
-104 213
-110 -213
-110 213
111 -213
115 213
-116 213
123 -213
-124 -213
-124 213
137 213
140 -213
141 -213
-147 -213
-147 213
151 -213
-156 -213
-156 213
-162 -213
166 -213
167 213
177 213
179 213
185 -213
186 -213
187 -213
203 -213
-7 -214
-7 214
-44 -214
-44 214
-49 -214
-49 214
-60 214
-78 -214
-78 214
-83 -214
-83 214
-98 -214
-98 214
-104 -214
-104 214
-110 -214
-110 214
-124 -214
-124 214
-147 -214
-147 214
-156 -214
-156 214
-193 214
6 215
-7 -215
-7 215
11 215
12 215
21 215
-22 215
26 215
27 215
28 215
29 215
-31 215
32 215
35 215
36 215
37 215
42 215
-44 -215
-44 215
45 215
46 215
48 215
-49 -215
-49 215
50 215
53 215
54 215
58 215
61 215
62 215
63 215
72 215
77 215
-78 -215
-78 215
79 215
80 215
82 215
-83 -215
-83 215
88 215
89 215
92 215
93 215
94 215
95 215
-98 -215
-98 215
-104 -215
-104 215
109 215
-110 -215
-110 215
111 215
-112 215
115 215
-116 215
119 215
123 215
-124 -215
-124 215
137 215
140 215
141 215
145 215
146 215
-147 -215
-147 215
151 215
153 215
-156 -215
-156 215
159 215
-162 215
164 215
167 215
175 215
177 215
178 215
179 215
185 215
186 215
187 215
190 215
192 215
195 215
203 215
-5 216
-7 -216
-7 216
18 216
23 216
26 216
39 216
40 216
43 216
-44 -216
-44 216
46 216
-49 -216
-49 216
56 216
59 216
-64 216
67 216
73 216
-78 -216
-78 216
-83 -216
-83 216
96 216
-98 -216
-98 216
101 216
102 216
103 216
-104 -216
-104 216
-110 -216
-110 216
113 216
120 216
-121 216
-124 -216
-124 216
-147 -216
-147 216
149 216
152 216
-156 -216
-156 216
165 216
173 216
203 216
-7 -217
-7 217
13 -217
16 -217
20 -217
-44 -217
-44 217
-49 -217
-49 217
52 -217
71 -217
-78 -217
-78 217
-83 -217
-83 217
-98 -217
-98 217
-104 -217
-104 217
-110 -217
-110 217
-124 -217
-124 217
133 -217
-147 -217
-147 217
-156 -217
-156 217
163 -217
180 -217
184 -217
189 -217
199 217
-199 -217
201 -217
-7 -218
-7 218
-44 -218
-44 218
-49 -218
-49 218
-60 218
-78 -218
-78 218
-83 -218
-83 218
-98 -218
-98 218
-104 -218
-104 218
-110 -218
-110 218
-124 -218
-124 218
-147 -218
-147 218
-156 -218
-156 218
1 219
-7 -219
-7 219
42 -219
-44 -219
-44 219
-49 -219
-49 219
68 219
-78 -219
-78 219
-83 -219
-83 219
-98 -219
-98 219
-104 -219
-104 219
-107 -219
-110 -219
-110 219
-124 -219
-124 219
134 219
-147 -219
-147 219
-156 -219
-156 219
205 219
1 220
-5 220
6 220
-7 -220
-7 220
11 220
12 220
21 220
22 220
26 220
27 220
28 220
29 220
31 220
32 220
35 220
36 220
37 220
40 220
42 220
43 220
-44 -220
-44 220
45 220
46 220
48 220
-49 -220
-49 220
50 220
53 220
54 220
55 220
56 220
58 220
59 220
61 220
62 220
63 220
64 220
68 220
72 220
77 220
-78 -220
-78 220
79 220
82 220
-83 -220
-83 220
88 220
-89 220
92 220
94 220
95 220
-98 -220
-98 220
100 220
-104 -220
-104 220
-110 -220
-110 220
111 220
112 220
115 220
-116 220
119 220
121 220
123 220
-124 -220
-124 220
137 220
140 220
141 220
142 220
145 220
-146 220
-147 -220
-147 220
148 220
151 220
153 220
-156 -220
-156 220
159 220
-162 220
164 220
167 220
171 220
173 220
175 220
177 220
178 220
179 220
185 220
186 220
187 220
190 220
192 220
195 220
203 220
-207 220
215 220
216 220
6 221
-7 -221
-7 221
11 221
12 221
21 221
-22 221
26 221
27 221
28 221
29 221
-31 221
32 221
36 221
37 221
42 221
-44 -221
-44 221
45 221
46 221
48 221
-49 -221
-49 221
50 221
53 221
54 221
55 221
-58 221
61 221
62 221
63 221
72 221
77 221
-78 -221
-78 221
79 221
80 221
82 221
-83 -221
-83 221
88 221
89 221
92 221
93 221
94 221
95 221
-98 -221
-98 221
100 221
-104 -221
-104 221
109 221
-110 -221
-110 221
111 221
112 221
115 221
-116 221
119 221
123 221
-124 -221
-124 221
137 221
140 221
141 221
142 221
145 221
146 221
-147 -221
-147 221
151 221
153 221
-156 -221
-156 221
159 221
-162 221
164 221
167 221
-171 221
175 221
177 221
178 221
179 221
185 221
186 221
187 221
190 221
192 221
195 221
203 221
215 221
220 221
6 222
-7 -222
-7 222
11 -222
12 -222
21 222
27 -222
32 -222
42 222
-44 -222
-44 222
45 222
48 -222
-49 -222
-49 222
50 222
62 222
63 -222
77 222
-78 -222
-78 222
-83 -222
-83 222
88 -222
94 -222
95 -222
-98 -222
-98 222
-104 -222
-104 222
-110 -222
-110 222
111 222
115 -222
-116 -222
123 222
-124 -222
-124 222
137 -222
140 222
141 222
-147 -222
-147 222
151 222
-156 -222
-156 222
-162 222
166 222
167 -222
177 -222
179 -222
185 222
186 222
187 222
203 222
213 222
-213 -222
1 -223
-1 223
6 223
-7 -223
-7 223
27 223
42 223
-44 -223
-44 223
-49 -223
-49 223
68 -223
-68 223
77 223
-78 -223
-78 223
80 223
-83 -223
-83 223
89 223
93 223
94 223
-98 -223
-98 223
-104 -223
-104 223
-107 223
109 223
-110 -223
-110 223
111 223
115 223
123 223
-124 -223
-124 223
137 223
140 223
146 223
-147 -223
-147 223
-156 -223
-156 223
167 223
185 223
192 223
203 223
205 223
219 223
220 223
-7 -224
-7 224
-44 -224
-44 224
-49 -224
-49 224
-78 -224
-78 224
-83 -224
-83 224
-98 -224
-98 224
-104 -224
-104 224
-107 224
-110 -224
-110 224
-124 -224
-124 224
-147 -224
-147 224
-156 -224
-156 224
-7 -225
-7 225
-33 225
-44 -225
-44 225
-49 -225
-49 225
-78 -225
-78 225
-83 -225
-83 225
-98 -225
-98 225
-104 -225
-104 225
-110 -225
-110 225
-124 -225
-124 225
-138 225
-147 -225
-147 225
-156 -225
-156 225
-7 -226
-7 226
42 226
-44 -226
-44 226
45 226
-49 -226
-49 226
56 226
59 226
64 226
77 226
-78 -226
-78 226
-83 -226
-83 226
-98 -226
-98 226
-101 226
-103 226
-104 -226
-104 226
-110 -226
-110 226
121 226
-124 -226
-124 226
137 226
140 226
-147 -226
-147 226
-156 -226
-156 226
185 226
192 226
216 226
-7 -227
-7 227
15 227
-44 -227
-44 227
-49 -227
-49 227
-78 -227
-78 227
-83 -227
-83 227
-98 -227
-98 227
-104 -227
-104 227
106 227
-110 -227
-110 227
-124 -227
-124 227
-147 -227
-147 227
-156 -227
-156 227
174 227
-7 -228
-7 228
42 228
-44 -228
-44 228
-49 -228
-49 228
-78 -228
-78 228
-83 -228
-83 228
-98 -228
-98 228
-104 -228
-104 228
-110 -228
-110 228
-124 -228
-124 228
-147 -228
-147 228
-156 -228
-156 228
-198 228
1 229
-5 229
6 229
-7 -229
-7 229
11 229
12 229
18 229
21 229
22 229
23 229
26 229
27 229
28 229
29 229
-31 229
32 229
35 229
36 229
37 229
39 229
40 229
42 229
43 229
-44 -229
-44 229
45 229
46 229
48 229
-49 -229
-49 229
50 229
53 229
54 229
55 229
58 229
61 229
62 229
63 229
-64 229
67 229
68 229
72 229
73 229
77 229
-78 -229
-78 229
79 229
80 229
82 229
-83 -229
-83 229
88 229
89 229
92 229
93 229
94 229
95 229
96 229
-98 -229
-98 229
100 229
101 229
102 229
103 229
-104 -229
-104 229
109 229
-110 -229
-110 229
111 229
112 229
113 229
115 229
-116 229
119 229
120 229
-121 229
123 229
-124 -229
-124 229
137 229
140 229
141 229
142 229
145 229
-146 229
-147 -229
-147 229
148 229
149 229
151 229
152 229
153 229
-156 -229
-156 229
159 229
-162 229
-164 229
165 229
167 229
171 229
173 229
175 229
177 229
178 229
179 229
185 229
186 229
187 229
188 229
190 229
192 229
195 229
203 229
215 229
220 229
221 229
223 229
226 229
-7 -230
-7 230
-44 -230
-44 230
-49 -230
-49 230
-78 -230
-78 230
-83 -230
-83 230
-98 -230
-98 230
-104 -230
-104 230
-110 -230
-110 230
-124 -230
-124 230
-147 -230
-147 230
-156 -230
-156 230
6 231
-7 -231
-7 231
11 231
12 231
21 231
22 231
26 231
27 231
28 -231
29 231
31 231
32 231
35 231
36 231
37 231
42 231
43 231
-44 -231
-44 231
45 231
46 231
48 231
-49 -231
-49 231
50 231
53 231
54 231
55 231
58 231
61 231
62 231
63 231
72 231
77 231
-78 -231
-78 231
79 -231
80 231
82 -231
-83 -231
-83 231
88 231
89 231
92 231
93 231
94 231
95 231
-98 -231
-98 231
100 231
-104 -231
-104 231
109 231
-110 -231
-110 231
111 231
112 231
115 231
-116 231
119 231
123 231
-124 -231
-124 231
137 231
140 231
141 231
142 231
145 231
146 231
-147 -231
-147 231
148 231
151 231
153 231
-156 -231
-156 231
159 231
-162 231
164 231
167 231
175 -231
177 231
178 231
179 231
185 231
186 231
187 231
190 231
192 231
195 231
203 231
215 231
220 231
221 231
229 231
6 232
-7 -232
-7 232
11 232
12 232
18 232
21 232
-22 232
23 232
26 232
27 232
28 232
29 232
-31 232
32 232
35 232
36 232
37 232
39 232
42 232
43 232
-44 -232
-44 232
45 232
46 232
48 232
-49 -232
-49 232
50 232
53 232
54 232
55 232
58 232
61 232
62 232
63 232
-64 232
67 232
72 232
73 232
77 232
-78 -232
-78 232
79 232
80 232
82 232
-83 -232
-83 232
88 232
89 232
92 232
93 232
94 232
95 232
96 232
-98 -232
-98 232
100 232
101 232
102 232
103 232
-104 -232
-104 232
109 232
-110 -232
-110 232
111 232
112 232
113 232
115 232
-116 232
119 232
120 232
-121 232
123 232
-124 -232
-124 232
137 232
140 232
141 232
142 232
145 232
146 232
-147 -232
-147 232
149 232
151 232
152 232
153 232
-156 -232
-156 232
159 232
-162 232
164 232
165 232
166 232
167 232
-171 232
175 232
177 232
178 232
179 232
185 232
186 232
187 232
188 232
190 232
192 232
195 232
203 232
-213 232
215 232
220 232
221 232
222 232
226 232
229 232
231 232
-7 -233
-7 233
19 233
42 233
-44 -233
-44 233
-49 -233
-49 233
-78 -233
-78 233
-83 -233
-83 233
-98 -233
-98 233
-104 -233
-104 233
-110 -233
-110 233
-124 -233
-124 233
-147 -233
-147 233
-156 -233
-156 233
-172 233
-198 233
-200 233
-7 -234
-7 234
-44 -234
-44 234
-49 -234
-49 234
-78 -234
-78 234
-83 -234
-83 234
-98 -234
-98 234
-104 -234
-104 234
-110 -234
-110 234
-124 -234
-124 234
-147 -234
-147 234
-156 -234
-156 234
-1 -235
1 -235
-2 -235
2 -235
-3 -235
3 -235
-4 -235
4 -235
-5 -235
5 -235
-6 -235
6 -235
-7 -235
7 -235
-7 235
-8 -235
8 -235
-9 -235
9 -235
-10 -235
10 -235
-11 -235
11 -235
-12 -235
12 -235
-13 -235
13 -235
-14 -235
14 -235
-15 -235
15 -235
-16 -235
16 -235
-17 -235
17 -235
-18 -235
18 -235
-19 -235
19 -235
-20 -235
20 -235
-21 -235
21 -235
-22 -235
22 -235
-23 -235
23 -235
-24 -235
24 -235
-25 -235
25 -235
-26 -235
26 -235
-27 -235
27 -235
-28 -235
28 -235
-29 -235
29 -235
-30 -235
30 -235
-31 -235
31 -235
-32 -235
32 -235
-33 -235
33 -235
-34 -235
34 -235
-35 -235
35 -235
-36 -235
36 -235
-37 -235
37 -235
-38 -235
38 -235
-39 -235
39 -235
-40 -235
40 -235
-41 -235
41 -235
-42 -235
42 -235
-43 -235
43 -235
-44 -235
44 -235
-44 235
-45 -235
45 -235
-46 -235
46 -235
-47 -235
47 -235
-48 -235
48 -235
-49 -235
49 -235
-49 235
-50 -235
50 -235
-51 -235
51 -235
-52 -235
52 -235
-53 -235
53 -235
-54 -235
54 -235
-55 -235
55 -235
-56 -235
56 -235
-57 -235
57 -235
-58 -235
58 -235
-59 -235
59 -235
-60 -235
60 -235
-61 -235
61 -235
-62 -235
62 -235
-63 -235
63 -235
-64 -235
64 -235
-65 -235
65 -235
-66 -235
66 -235
-67 -235
67 -235
-68 -235
68 -235
-69 -235
69 -235
-70 -235
70 -235
-71 -235
71 -235
-72 -235
72 -235
-73 -235
73 -235
-74 -235
74 -235
-75 -235
75 -235
-76 -235
76 -235
-77 -235
77 -235
-78 -235
78 -235
-78 235
-79 -235
79 -235
-80 -235
80 -235
-81 -235
81 -235
-82 -235
82 -235
-83 -235
83 -235
-83 235
-84 -235
84 -235
-85 -235
85 -235
-86 -235
86 -235
-87 -235
87 -235
-88 -235
88 -235
-89 -235
89 -235
-90 -235
90 -235
-91 -235
91 -235
-92 -235
92 -235
-93 -235
93 -235
-94 -235
94 -235
-95 -235
95 -235
-96 -235
96 -235
-97 -235
97 -235
-98 -235
98 -235
-98 235
-99 -235
99 -235
-100 -235
100 -235
-101 -235
101 -235
-102 -235
102 -235
-103 -235
103 -235
-104 -235
104 -235
-104 235
-105 -235
105 -235
-106 -235
106 -235
-107 -235
107 -235
-108 -235
108 -235
-109 -235
109 -235
-110 -235
110 -235
-110 235
-111 -235
111 -235
-112 -235
112 -235
-113 -235
113 -235
-114 -235
114 -235
-115 -235
115 -235
-116 -235
116 -235
-117 -235
117 -235
-118 -235
118 -235
-119 -235
119 -235
-120 -235
120 -235
-121 -235
121 -235
-122 -235
122 -235
-123 -235
123 -235
-124 -235
124 -235
-124 235
-125 -235
125 -235
-126 -235
126 -235
-127 -235
127 -235
-128 -235
128 -235
-129 -235
129 -235
-130 -235
130 -235
-131 -235
131 -235
-132 -235
132 -235
-133 -235
133 -235
-134 -235
134 -235
-135 -235
135 -235
-136 -235
136 -235
-137 -235
137 -235
-138 -235
138 -235
-139 -235
139 -235
-140 -235
140 -235
-141 -235
141 -235
-142 -235
142 -235
-143 -235
143 -235
-144 -235
144 -235
-145 -235
145 -235
-146 -235
146 -235
-147 -235
147 -235
-147 235
-148 -235
148 -235
-149 -235
149 -235
-150 -235
150 -235
-151 -235
151 -235
-152 -235
152 -235
-153 -235
153 -235
-154 -235
154 -235
-155 -235
155 -235
-156 -235
156 -235
-156 235
-157 -235
157 -235
-158 -235
158 -235
-159 -235
159 -235
-160 -235
160 -235
-161 -235
161 -235
-162 -235
162 -235
-163 -235
163 -235
-164 -235
164 -235
-165 -235
165 -235
-166 -235
166 -235
-167 -235
167 -235
-168 -235
168 -235
-169 -235
169 -235
-170 -235
170 -235
-171 -235
171 -235
-172 -235
172 -235
-173 -235
173 -235
-174 -235
174 -235
-175 -235
175 -235
-176 -235
176 -235
-177 -235
177 -235
-178 -235
178 -235
-179 -235
179 -235
-180 -235
180 -235
-181 -235
181 -235
-182 -235
182 -235
-183 -235
183 -235
-184 -235
184 -235
-185 -235
185 -235
-186 -235
186 -235
-187 -235
187 -235
-188 -235
188 -235
-189 -235
189 -235
-190 -235
190 -235
-191 -235
191 -235
-192 -235
192 -235
-193 -235
193 -235
-194 -235
194 -235
-195 -235
195 -235
-196 -235
196 -235
-197 -235
197 -235
-198 -235
198 -235
-199 -235
199 -235
-200 -235
200 -235
-201 -235
201 -235
-202 -235
202 -235
-203 -235
203 -235
-204 -235
204 -235
-205 -235
205 -235
-206 -235
206 -235
-207 -235
207 -235
-208 -235
208 -235
-209 -235
209 -235
-210 -235
210 -235
-211 -235
211 -235
-212 -235
212 -235
-213 -235
213 -235
-214 -235
214 -235
-215 -235
215 -235
-216 -235
216 -235
-217 -235
217 -235
-218 -235
218 -235
-219 -235
219 -235
-220 -235
220 -235
-221 -235
221 -235
-222 -235
222 -235
-223 -235
223 -235
-224 -235
224 -235
-225 -235
225 -235
-226 -235
226 -235
-227 -235
227 -235
-228 -235
228 -235
-229 -235
229 -235
-230 -235
230 -235
-231 -235
231 -235
-232 -235
232 -235
-233 -235
233 -235
-234 -235
234 -235
-7 -236
-7 236
-44 -236
-44 236
-49 -236
-49 236
-78 -236
-78 236
-83 -236
-83 236
-98 -236
-98 236
-104 -236
-104 236
-110 -236
-110 236
-124 -236
-124 236
143 -236
-147 -236
-147 236
-156 -236
-156 236
-235 -236
-235 236
1 237
6 237
-7 -237
-7 237
11 237
12 237
18 237
21 237
22 237
23 237
26 237
27 237
28 237
29 237
-31 237
32 237
35 237
36 237
37 237
39 237
42 237
43 237
-44 -237
-44 237
45 237
46 237
48 237
-49 -237
-49 237
50 237
53 237
54 237
55 237
58 237
61 237
62 237
63 237
-64 237
67 237
68 237
72 237
73 237
77 237
-78 -237
-78 237
79 237
80 237
82 237
-83 -237
-83 237
88 237
89 237
92 237
93 237
94 237
95 237
96 237
-98 -237
-98 237
100 237
101 237
102 237
103 237
-104 -237
-104 237
109 237
-110 -237
-110 237
111 237
112 237
113 237
115 237
-116 237
119 237
120 237
-121 237
123 237
-124 -237
-124 237
137 237
140 237
141 237
142 237
145 237
146 237
-147 -237
-147 237
148 237
149 237
151 237
152 237
153 237
-156 -237
-156 237
159 237
-162 237
164 237
165 237
166 237
167 237
-171 237
175 237
177 237
178 237
179 237
185 237
186 237
187 237
188 237
190 237
192 237
195 237
203 237
213 237
215 237
220 237
221 237
-222 237
223 237
226 237
229 237
231 237
232 237
-235 -237
-235 237
6 238
-7 -238
-7 238
11 238
12 238
21 238
27 238
28 -238
29 -238
32 238
36 -238
37 -238
42 238
-44 -238
-44 238
45 238
46 -238
48 238
-49 -238
-49 238
50 238
53 -238
54 -238
55 -238
58 -238
61 -238
62 238
63 238
72 -238
77 238
-78 -238
-78 238
79 -238
80 -238
82 -238
-83 -238
-83 238
88 238
89 -238
92 -238
93 -238
94 238
95 238
-98 -238
-98 238
100 -238
-104 -238
-104 238
109 -238
-110 -238
-110 238
111 238
112 -238
115 238
-116 238
119 -238
123 238
-124 -238
-124 238
137 238
140 238
141 238
142 -238
145 -238
-147 -238
-147 238
151 238
153 -238
-156 -238
-156 238
159 -238
-162 238
164 -238
166 -238
167 238
175 -238
177 238
178 -238
179 238
185 238
186 238
187 238
190 -238
192 -238
195 -238
203 238
215 -238
220 -238
221 -238
229 -238
231 -238
232 238
-235 -238
-235 238
237 238
-7 -239
-7 239
19 239
42 239
-44 -239
-44 239
-49 -239
-49 239
-78 -239
-78 239
-83 -239
-83 239
-98 -239
-98 239
-104 -239
-104 239
-110 -239
-110 239
-124 -239
-124 239
-147 -239
-147 239
-156 -239
-156 239
-172 239
-198 239
-200 239
233 239
-235 -239
-235 239
-7 -240
-7 240
-44 -240
-44 240
-49 -240
-49 240
-78 -240
-78 240
-83 -240
-83 240
-98 -240
-98 240
-104 -240
-104 240
-110 -240
-110 240
-124 -240
-124 240
-147 -240
-147 240
-156 -240
-156 240
-235 -240
-235 240
1 241
6 241
-7 -241
-7 241
11 241
12 241
21 241
22 241
26 241
-27 241
28 241
29 241
-31 241
32 241
35 241
36 241
37 241
42 241
43 241
-44 -241
-44 241
45 241
46 241
48 241
-49 -241
-49 241
50 241
53 241
54 241
55 241
58 241
61 241
62 241
63 241
68 241
72 241
77 241
-78 -241
-78 241
79 241
80 241
82 241
-83 -241
-83 241
88 241
89 241
92 241
93 241
94 241
95 241
-98 -241
-98 241
100 241
-104 -241
-104 241
109 241
-110 -241
-110 241
111 241
112 241
115 241
-116 241
119 241
123 241
-124 -241
-124 241
137 241
140 241
141 241
142 241
145 241
146 241
-147 -241
-147 241
148 241
151 241
153 241
-156 -241
-156 241
159 241
-162 241
164 241
166 241
167 241
-171 241
175 241
177 241
178 241
179 241
185 241
186 241
187 241
190 241
192 241
195 241
203 241
213 241
215 241
220 241
221 241
-222 241
223 241
229 241
231 241
232 241
-235 -241
-235 241
237 241
238 241
-7 -242
-7 242
-44 -242
-44 242
-49 -242
-49 242
-78 -242
-78 242
-83 -242
-83 242
-98 -242
-98 242
-104 -242
-104 242
-110 -242
-110 242
-124 -242
-124 242
-147 -242
-147 242
-156 -242
-156 242
-235 -242
-235 242
-5 243
-7 -243
-7 243
18 243
23 243
26 243
39 243
40 243
43 243
-44 -243
-44 243
46 243
-49 -243
-49 243
56 -243
-56 243
59 243
-64 243
67 243
73 243
-78 -243
-78 243
-83 -243
-83 243
96 243
-98 -243
-98 243
101 243
102 243
103 243
-104 -243
-104 243
-110 -243
-110 243
113 243
120 243
-121 243
-124 -243
-124 243
-147 -243
-147 243
149 243
152 243
-156 -243
-156 243
165 243
173 243
203 243
216 243
220 243
226 243
-235 -243
-235 243
-7 -244
-7 244
-44 -244
-44 244
-49 -244
-49 244
-78 -244
-78 244
-83 -244
-83 244
-98 -244
-98 244
-104 -244
-104 244
-110 -244
-110 244
-124 -244
-124 244
-147 -244
-147 244
-156 -244
-156 244
-235 -244
-235 244
6 245
-7 -245
-7 245
11 245
12 245
21 245
-22 245
26 245
27 245
28 245
29 245
-31 245
32 245
35 245
36 245
37 245
42 245
43 245
-44 -245
-44 245
45 245
46 245
48 245
-49 -245
-49 245
-50 245
53 245
54 245
55 245
58 245
61 245
62 245
63 245
72 245
77 245
-78 -245
-78 245
79 245
80 245
82 245
-83 -245
-83 245
88 245
89 245
92 245
93 245
94 245
95 245
-98 -245
-98 245
100 245
-104 -245
-104 245
109 245
-110 -245
-110 245
111 245
112 245
115 245
-116 245
119 245
123 245
-124 -245
-124 245
137 245
140 245
141 245
142 245
145 245
146 245
-147 -245
-147 245
151 245
153 245
-156 -245
-156 245
159 245
-162 245
164 245
166 245
167 245
175 245
177 245
178 245
179 245
185 245
186 245
187 245
190 245
192 245
195 245
203 245
-213 245
215 245
220 245
221 245
222 245
229 245
231 245
232 245
-235 -245
-235 245
237 245
238 245
241 245
-7 -246
-7 246
42 246
-44 -246
-44 246
45 246
-49 -246
-49 246
56 246
59 246
64 246
77 246
-78 -246
-78 246
-83 -246
-83 246
-98 -246
-98 246
-101 246
-104 -246
-104 246
-110 -246
-110 246
121 246
-124 -246
-124 246
137 246
140 246
-147 -246
-147 246
-156 -246
-156 246
185 246
192 246
216 246
229 246
232 246
-235 -246
-235 246
237 246
243 246
-7 -247
-7 247
15 247
41 247
-44 -247
-44 247
-49 -247
-49 247
65 247
75 247
-78 -247
-78 247
-83 -247
-83 247
-98 -247
-98 247
-104 -247
-104 247
-110 -247
-110 247
-124 -247
-124 247
-147 -247
-147 247
-156 -247
-156 247
176 247
183 247
-235 -247
-235 247
-7 -248
-7 248
-44 -248
-44 248
47 -248
-49 -248
-49 248
57 248
-78 -248
-78 248
-83 -248
-83 248
-98 -248
-98 248
-104 -248
-104 248
105 -248
-110 -248
-110 248
-124 -248
-124 248
-147 -248
-147 248
-156 -248
-156 248
-235 -248
-235 248
-7 -249
-7 249
42 249
-44 -249
-44 249
45 249
-49 -249
-49 249
56 249
59 249
64 249
77 249
-78 -249
-78 249
-83 -249
-83 249
-98 -249
-98 249
-101 249
-104 -249
-104 249
-110 -249
-110 249
121 249
-124 -249
-124 249
137 249
140 249
-147 -249
-147 249
-156 -249
-156 249
185 249
192 249
216 249
229 249
232 249
-235 -249
-235 249
237 249
243 249
-246 249
1 250
-5 250
6 250
-7 -250
-7 250
11 250
12 250
18 250
21 250
22 250
23 250
26 250
27 250
28 250
29 250
32 250
35 250
36 250
37 250
39 250
40 250
42 250
43 250
-44 -250
-44 250
45 250
46 250
48 250
-49 -250
-49 250
50 250
53 250
54 250
55 250
58 250
61 250
62 250
63 250
-64 250
67 250
68 250
72 250
73 250
77 -250
-78 -250
-78 250
79 250
80 250
82 250
-83 -250
-83 250
88 250
89 250
92 250
93 250
94 250
95 250
96 250
-98 -250
-98 250
100 250
101 250
102 250
103 250
-104 -250
-104 250
109 250
-110 -250
-110 250
111 250
112 250
113 250
115 250
-116 250
119 250
120 250
-121 250
123 250
-124 -250
-124 250
137 250
140 -250
141 250
142 250
145 250
-146 250
-147 -250
-147 250
148 250
149 250
151 250
152 250
153 250
-156 -250
-156 250
159 250
-162 250
165 250
167 250
171 250
173 250
175 250
177 250
178 250
179 250
185 -250
186 250
187 250
188 250
190 250
192 -250
195 250
203 250
207 250
215 250
220 250
221 250
223 250
226 250
229 250
231 250
232 250
-235 -250
-235 250
237 250
241 250
245 250
246 250
249 250
1 251
-5 251
6 251
-7 -251
-7 251
11 251
12 251
18 251
21 251
22 251
23 251
26 251
27 251
28 251
29 251
31 251
32 251
35 251
36 251
37 251
39 251
40 251
42 251
43 251
-44 -251
-44 251
45 251
46 251
48 251
-49 -251
-49 251
50 251
53 251
54 251
55 251
58 251
61 251
62 251
63 251
-64 251
67 251
68 251
72 251
73 251
-77 251
-78 -251
-78 251
79 251
80 251
82 251
-83 -251
-83 251
88 251
89 251
92 251
93 251
94 251
95 251
96 251
-98 -251
-98 251
100 251
101 251
102 251
103 251
-104 -251
-104 251
109 251
-110 -251
-110 251
111 251
112 251
113 251
115 251
-116 251
119 251
120 251
-121 251
123 251
-124 -251
-124 251
137 251
140 251
141 251
142 251
145 251
-146 251
-147 -251
-147 251
148 251
149 251
151 251
152 251
153 251
-156 -251
-156 251
159 251
-162 251
164 251
165 251
166 251
167 251
171 251
173 251
175 251
177 251
178 251
179 251
185 251
186 251
187 251
188 251
190 251
192 251
195 251
203 251
207 251
-213 251
215 251
220 251
221 251
222 251
223 251
226 251
229 251
231 251
232 251
-235 -251
-235 251
237 251
238 251
241 251
245 251
246 251
249 251
-250 251
6 252
-7 -252
-7 252
11 -252
12 252
21 252
-22 252
26 252
27 252
28 252
29 252
-31 252
32 252
36 252
37 252
42 252
-44 -252
-44 252
45 252
46 252
48 252
-49 -252
-49 252
50 252
53 252
54 252
55 252
58 252
61 252
62 252
63 252
72 252
77 252
-78 -252
-78 252
79 252
80 252
82 252
-83 -252
-83 252
88 252
89 252
92 252
93 252
94 252
95 252
-98 -252
-98 252
100 252
-104 -252
-104 252
109 252
-110 -252
-110 252
111 252
112 252
115 -252
-116 252
119 252
123 252
-124 -252
-124 252
137 252
140 252
141 252
142 252
145 252
146 252
-147 -252
-147 252
151 252
153 252
-156 -252
-156 252
159 252
-162 252
164 252
166 252
167 252
-171 252
175 252
177 -252
178 252
179 -252
185 252
186 252
187 252
190 252
192 252
195 252
203 252
213 252
215 252
220 252
221 252
-222 252
229 252
231 252
232 252
-235 -252
-235 252
237 252
238 252
241 252
245 252
250 252
251 252
-7 -253
-7 253
-33 253
-44 -253
-44 253
-49 -253
-49 253
-78 -253
-78 253
-83 -253
-83 253
-98 -253
-98 253
-104 -253
-104 253
-110 -253
-110 253
-124 -253
-124 253
-138 253
-147 -253
-147 253
-156 -253
-156 253
-235 -253
-235 253
-7 -254
-7 254
42 254
-44 -254
-44 254
45 254
-49 -254
-49 254
56 254
59 254
64 254
77 254
-78 -254
-78 254
-83 -254
-83 254
-98 -254
-98 254
-101 254
-104 -254
-104 254
-110 -254
-110 254
121 254
-124 -254
-124 254
137 254
140 254
-147 -254
-147 254
-156 -254
-156 254
185 254
192 254
216 254
229 254
232 254
-235 -254
-235 254
237 254
243 254
250 254
251 254
6 255
-7 -255
-7 255
11 255
12 255
21 255
27 255
32 255
42 255
-44 -255
-44 255
45 255
48 255
-49 -255
-49 255
50 255
62 255
63 255
77 255
-78 -255
-78 255
-83 -255
-83 255
88 255
94 255
95 255
-98 -255
-98 255
-104 -255
-104 255
-110 -255
-110 255
111 255
115 255
-116 255
123 255
-124 -255
-124 255
137 255
140 255
141 255
-147 -255
-147 255
151 255
-156 -255
-156 255
-162 255
166 255
167 255
177 255
179 255
185 255
186 255
187 255
203 255
213 255
-222 255
232 255
-235 -255
-235 255
237 255
-238 255
241 255
245 255
251 255
252 255
-1 -256
1 -256
-2 -256
2 -256
-3 -256
3 -256
-4 -256
4 -256
-5 -256
5 -256
-6 -256
6 -256
-7 -256
7 -256
-7 256
-8 -256
8 -256
-9 -256
9 -256
-10 -256
10 -256
-11 -256
11 -256
-12 -256
12 -256
-13 -256
13 -256
-14 -256
14 -256
-15 -256
15 -256
-16 -256
16 -256
-17 -256
17 -256
-18 -256
18 -256
-19 -256
19 -256
-20 -256
20 -256
-21 -256
21 -256
-22 -256
22 -256
-23 -256
23 -256
-24 -256
24 -256
-25 -256
25 -256
-26 -256
26 -256
-27 -256
27 -256
-28 -256
28 -256
-29 -256
29 -256
-30 -256
30 -256
-31 -256
31 -256
-32 -256
32 -256
-33 -256
33 -256
-34 -256
34 -256
-35 -256
35 -256
-36 -256
36 -256
-37 -256
37 -256
-38 -256
38 -256
-39 -256
39 -256
-40 -256
40 -256
-41 -256
41 -256
-42 -256
42 -256
-43 -256
43 -256
-44 -256
44 -256
-44 256
-45 -256
45 -256
-46 -256
46 -256
-47 -256
47 -256
-48 -256
48 -256
-49 -256
49 -256
-49 256
-50 -256
50 -256
-51 -256
51 -256
-52 -256
52 -256
-53 -256
53 -256
-54 -256
54 -256
-55 -256
55 -256
-56 -256
56 -256
-57 -256
57 -256
-58 -256
58 -256
-59 -256
59 -256
-60 -256
60 -256
-61 -256
61 -256
-62 -256
62 -256
-63 -256
63 -256
-64 -256
64 -256
-65 -256
65 -256
-66 -256
66 -256
-67 -256
67 -256
-68 -256
68 -256
-69 -256
69 -256
-70 -256
70 -256
-71 -256
71 -256
-72 -256
72 -256
-73 -256
73 -256
-74 -256
74 -256
-75 -256
75 -256
-76 -256
76 -256
-77 -256
77 -256
-78 -256
78 -256
-78 256
-79 -256
79 -256
-80 -256
80 -256
-81 -256
81 -256
-82 -256
82 -256
-83 -256
83 -256
-83 256
-84 -256
84 -256
-85 -256
85 -256
-86 -256
86 -256
-87 -256
87 -256
-88 -256
88 -256
-89 -256
89 -256
-90 -256
90 -256
-91 -256
91 -256
-92 -256
92 -256
-93 -256
93 -256
-94 -256
94 -256
-95 -256
95 -256
-96 -256
96 -256
-97 -256
97 -256
-98 -256
98 -256
-98 256
-99 -256
99 -256
-100 -256
100 -256
-101 -256
101 -256
-102 -256
102 -256
-103 -256
103 -256
-104 -256
104 -256
-104 256
-105 -256
105 -256
-106 -256
106 -256
-107 -256
107 -256
-108 -256
108 -256
-109 -256
109 -256
-110 -256
110 -256
-110 256
-111 -256
111 -256
-112 -256
112 -256
-113 -256
113 -256
-114 -256
114 -256
-115 -256
115 -256
-116 -256
116 -256
-117 -256
117 -256
-118 -256
118 -256
-119 -256
119 -256
-120 -256
120 -256
-121 -256
121 -256
-122 -256
122 -256
-123 -256
123 -256
-124 -256
124 -256
-124 256
-125 -256
125 -256
-126 -256
126 -256
-127 -256
127 -256
-128 -256
128 -256
-129 -256
129 -256
-130 -256
130 -256
-131 -256
131 -256
-132 -256
132 -256
-133 -256
133 -256
-134 -256
134 -256
-135 -256
135 -256
-136 -256
136 -256
-137 -256
137 -256
-138 -256
138 -256
-139 -256
139 -256
-140 -256
140 -256
-141 -256
141 -256
-142 -256
142 -256
-143 -256
143 -256
-144 -256
144 -256
-145 -256
145 -256
-146 -256
146 -256
-147 -256
147 -256
-147 256
-148 -256
148 -256
-149 -256
149 -256
-150 -256
150 -256
-151 -256
151 -256
-152 -256
152 -256
-153 -256
153 -256
-154 -256
154 -256
-155 -256
155 -256
-156 -256
156 -256
-156 256
-157 -256
157 -256
-158 -256
158 -256
-159 -256
159 -256
-160 -256
160 -256
-161 -256
161 -256
-162 -256
162 -256
-163 -256
163 -256
-164 -256
164 -256
-165 -256
165 -256
-166 -256
166 -256
-167 -256
167 -256
-168 -256
168 -256
-169 -256
169 -256
-170 -256
170 -256
-171 -256
171 -256
-172 -256
172 -256
-173 -256
173 -256
-174 -256
174 -256
-175 -256
175 -256
-176 -256
176 -256
-177 -256
177 -256
-178 -256
178 -256
-179 -256
179 -256
-180 -256
180 -256
-181 -256
181 -256
-182 -256
182 -256
-183 -256
183 -256
-184 -256
184 -256
-185 -256
185 -256
-186 -256
186 -256
-187 -256
187 -256
-188 -256
188 -256
-189 -256
189 -256
-190 -256
190 -256
-191 -256
191 -256
-192 -256
192 -256
-193 -256
193 -256
-194 -256
194 -256
-195 -256
195 -256
-196 -256
196 -256
-197 -256
197 -256
-198 -256
198 -256
-199 -256
199 -256
-200 -256
200 -256
-201 -256
201 -256
-202 -256
202 -256
-203 -256
203 -256
-204 -256
204 -256
-205 -256
205 -256
-206 -256
206 -256
-207 -256
207 -256
-208 -256
208 -256
-209 -256
209 -256
-210 -256
210 -256
-211 -256
211 -256
-212 -256
212 -256
-213 -256
213 -256
-214 -256
214 -256
-215 -256
215 -256
-216 -256
216 -256
-217 -256
217 -256
-218 -256
218 -256
-219 -256
219 -256
-220 -256
220 -256
-221 -256
221 -256
-222 -256
222 -256
-223 -256
223 -256
-224 -256
224 -256
-225 -256
225 -256
-226 -256
226 -256
-227 -256
227 -256
-228 -256
228 -256
-229 -256
229 -256
-230 -256
230 -256
-231 -256
231 -256
-232 -256
232 -256
-233 -256
233 -256
-234 -256
234 -256
-235 -256
235 -256
-235 256
-236 -256
236 -256
-237 -256
237 -256
-238 -256
238 -256
-239 -256
239 -256
-240 -256
240 -256
-241 -256
241 -256
-242 -256
242 -256
-243 -256
243 -256
-244 -256
244 -256
-245 -256
245 -256
-246 -256
246 -256
-247 -256
247 -256
-248 -256
248 -256
-249 -256
249 -256
-250 -256
250 -256
-251 -256
251 -256
-252 -256
252 -256
-253 -256
253 -256
-254 -256
254 -256
-255 -256
255 -256
-7 -257
-7 257
-44 -257
-44 257
-49 -257
-49 257
74 -257
-76 -257
-78 -257
-78 257
81 -257
-83 -257
-83 257
-98 -257
-98 257
-104 -257
-104 257
-110 -257
-110 257
-124 -257
-124 257
130 -257
-147 -257
-147 257
-156 -257
-156 257
-235 -257
-235 257
-256 -257
-256 257
-7 -258
-7 258
-44 -258
-44 258
-49 -258
-49 258
-78 -258
-78 258
-83 -258
-83 258
-98 -258
-98 258
-104 -258
-104 258
-110 -258
-110 258
-124 -258
-124 258
-147 -258
-147 258
-156 -258
-156 258
-235 -258
-235 258
-256 -258
-256 258
-7 -259
-7 259
-44 -259
-44 259
-49 -259
-49 259
-78 -259
-78 259
-83 -259
-83 259
-98 -259
-98 259
-104 -259
-104 259
-110 -259
-110 259
-124 -259
-124 259
-147 -259
-147 259
-156 -259
-156 259
-161 259
-194 259
-235 -259
-235 259
-256 -259
-256 259
1 260
-7 -260
-7 260
12 260
32 260
37 260
42 260
-44 -260
-44 260
-49 -260
-49 260
54 260
68 260
-78 -260
-78 260
-83 -260
-83 260
88 260
-98 -260
-98 260
-104 -260
-104 260
-107 260
-110 -260
-110 260
-124 -260
-124 260
-147 -260
-147 260
153 260
-156 -260
-156 260
178 260
-205 260
219 260
223 260
-235 -260
-235 260
-256 -260
-256 260
6 261
-7 -261
-7 261
11 261
12 261
21 261
22 261
26 261
27 261
28 261
29 261
-31 261
32 261
35 261
36 261
37 261
42 261
43 261
-44 -261
-44 261
45 261
46 261
48 261
-49 -261
-49 261
50 261
53 261
54 261
55 261
58 261
61 261
62 261
63 261
72 261
77 261
-78 -261
-78 261
79 261
80 261
82 261
-83 -261
-83 261
88 261
89 261
92 261
93 261
94 261
95 261
-98 -261
-98 261
100 261
-104 -261
-104 261
109 261
-110 -261
-110 261
111 261
112 261
115 261
-116 261
119 261
123 261
-124 -261
-124 261
137 261
140 261
141 261
142 261
145 261
146 261
-147 -261
-147 261
148 261
151 261
153 261
-156 -261
-156 261
159 261
-162 261
164 261
166 261
167 261
175 261
177 261
178 261
179 261
185 261
186 261
187 261
190 261
192 261
195 261
203 261
-213 261
215 261
220 261
221 261
222 261
229 261
231 261
232 261
-235 -261
-235 261
237 261
238 261
241 261
245 261
250 261
251 261
252 261
255 261
-256 -261
-256 261
-7 -262
-7 262
39 -262
42 262
-44 -262
-44 262
45 262
-49 -262
-49 262
56 262
59 262
64 262
77 262
-78 -262
-78 262
-83 -262
-83 262
-98 -262
-98 262
-101 262
-104 -262
-104 262
-110 -262
-110 262
121 262
-124 -262
-124 262
137 262
140 262
-147 -262
-147 262
149 -262
-156 -262
-156 262
185 262
192 262
216 262
229 262
232 262
-235 -262
-235 262
237 262
243 262
250 262
251 262
-256 -262
-256 262
-7 -263
-7 263
42 263
-44 -263
-44 263
45 263
-49 -263
-49 263
56 263
59 263
64 263
77 263
-78 -263
-78 263
-83 -263
-83 263
-98 -263
-98 263
-101 263
-104 -263
-104 263
-110 -263
-110 263
121 263
-124 -263
-124 263
137 263
140 263
-147 -263
-147 263
-156 -263
-156 263
185 263
192 263
216 263
229 263
232 263
-235 -263
-235 263
237 263
243 263
250 263
251 263
-256 -263
-256 263
-7 -264
-7 264
-44 -264
-44 264
47 -264
-49 -264
-49 264
57 -264
-78 -264
-78 264
-83 -264
-83 264
-98 -264
-98 264
-104 -264
-104 264
105 -264
-110 -264
-110 264
-124 -264
-124 264
-147 -264
-147 264
-156 -264
-156 264
-235 -264
-235 264
248 -264
-256 -264
-256 264
-7 -265
-7 265
-44 -265
-44 265
-49 -265
-49 265
-78 -265
-78 265
-83 -265
-83 265
-98 -265
-98 265
-104 -265
-104 265
-110 -265
-110 265
-124 -265
-124 265
-147 -265
-147 265
-156 -265
-156 265
-235 -265
-235 265
-256 -265
-256 265
-7 -266
-7 266
-44 -266
-44 266
-49 -266
-49 266
-78 -266
-78 266
-83 -266
-83 266
-98 -266
-98 266
-104 -266
-104 266
-110 -266
-110 266
-124 -266
-124 266
-147 -266
-147 266
-156 -266
-156 266
-235 -266
-235 266
-256 -266
-256 266
-7 -267
-7 267
-44 -267
-44 267
-49 -267
-49 267
-60 267
-78 -267
-78 267
-83 -267
-83 267
-98 -267
-98 267
-104 -267
-104 267
-110 -267
-110 267
-124 -267
-124 267
-147 -267
-147 267
-156 -267
-156 267
-218 267
-235 -267
-235 267
-256 -267
-256 267
1 268
6 268
-7 -268
-7 268
11 268
12 268
18 268
21 268
22 268
23 268
26 268
27 268
28 268
29 268
-31 268
32 268
35 268
36 268
37 268
39 268
42 -268
-42 268
43 268
-44 -268
-44 268
45 268
46 268
48 268
-49 -268
-49 268
50 268
53 268
54 268
55 268
58 268
61 268
62 268
63 268
-64 268
67 268
68 268
72 268
73 268
77 268
-78 -268
-78 268
79 268
80 268
82 268
-83 -268
-83 268
88 268
89 268
92 268
93 268
94 268
95 268
96 268
-98 -268
-98 268
100 268
101 268
102 268
103 268
-104 -268
-104 268
109 268
-110 -268
-110 268
111 268
112 268
113 268
115 268
-116 268
119 268
120 268
-121 268
123 268
-124 -268
-124 268
134 268
137 268
140 268
141 268
142 268
145 268
146 268
-147 -268
-147 268
148 268
149 268
151 268
152 268
153 268
-156 -268
-156 268
159 268
-162 268
164 268
165 268
166 268
167 268
168 268
-171 268
175 268
177 268
178 268
179 268
185 268
186 268
187 268
188 268
190 268
192 268
195 268
198 268
203 268
205 268
-213 268
215 268
-219 268
220 268
221 268
222 268
223 268
226 268
228 268
229 268
231 268
232 268
233 268
-235 -268
-235 268
237 268
238 268
239 268
241 268
245 268
246 268
249 268
250 268
251 268
252 268
254 268
255 268
-256 -268
-256 268
260 268
261 268
262 268
263 268
1 -269
-7 -269
-7 269
42 269
-44 -269
-44 269
-49 -269
-49 269
68 -269
-78 -269
-78 269
-83 -269
-83 269
-98 -269
-98 269
-104 -269
-104 269
-107 269
-110 -269
-110 269
-124 -269
-124 269
134 -269
-147 -269
-147 269
-156 -269
-156 269
205 -269
219 269
-219 -269
223 -269
-235 -269
-235 269
-256 -269
-256 269
260 -269
268 269
-7 -270
-7 270
-44 -270
-44 270
-49 -270
-49 270
-78 -270
-78 270
-83 -270
-83 270
-98 -270
-98 270
-104 -270
-104 270
-110 -270
-110 270
-124 -270
-124 270
-147 -270
-147 270
-156 -270
-156 270
-235 -270
-235 270
-256 -270
-256 270
